  1.411616    0.765141    1.288197    0.002377   19.552556    3    3    1    0    1    0    0    3    1    2    3    3    1    1    1    1    2    0    3    0    1    1    1    0    1    0    1    1    2    3
  1.767512    0.791290    1.949170    0.001637   19.511966    3    0    3    0    1    2    2    3    0    0    1    2    3    3    1    1    1    3    2    1    1    1    1    3    3    1    3    3    1    2
  2.109971    0.621851    2.973070    0.001586   19.398024    1    3    3    0    3    2    2    2    1    3    1    2    3    3    2    1    1    3    1    3    3    0    1    3    3    1    3    3    1    2
  3.490956    0.634208    5.711641    0.000927   19.537038    2    2    1    1    3    2    1    3    0    2    1    2    3    1    2    1    1    1    1    3    3    2    1    0    1    3    1    2    3    1
  6.028430    0.630233   10.788957    0.003717   19.511966    3    1    3    3    1    1    1    3    1    3    3    3    2    1    2    1    1    1    1    1    1    1    1    3    3    1    2    2    1    1
  6.028430    0.630233   10.788957    0.003717   19.511966    3    1    3    3    1    1    1    3    1    3    3    3    2    1    2    1    1    1    1    1    1    1    1    3    3    1    2    2    1    1
  7.334934    0.420968   13.824751    0.001590   19.511966    2    1    3    3    1    2    2    3    1    3    3    2    2    1    2    1    1    1    1    1    3    2    1    3    1    1    3    2    1    1
  7.942870    0.394906   15.092457    0.001736   19.511966    3    1    3    2    1    1    1    3    1    2    3    2    1    2    2    1    3    3    1    1    2    1    1    3    2    2    1    1    1    1
  8.994426    0.482943   17.020867    0.001050   19.511966    3    1    2    1    1    1    2    2    0    2    1    1    3    1    2    1    3    3    1    1    2    2    1    2    1    2    1    3    1    1
  8.994426    0.482943   17.020867    0.001050   19.511966    3    1    2    1    1    1    2    2    0    2    1    1    3    1    2    1    3    3    1    1    2    2    1    2    1    2    1    3    1    1
