  5.352076    0.488550    0.928883    0.002134   14.594149     3    2    2    3    2    2    1    2    3    3    3    1    3    1    1    1    2    2    2    3    2    3    2    0    2    1    2    0    0    1
  6.417026    0.604732    0.293614    0.222897    3.002121     2    2    3    3    1    1    3    1    2    2    2    3    1    1    2    3    0    1    0    3    1    2    0    0    1    2    2    0    2    2
  7.073968    0.656798    1.009335    0.001322   18.764270     3    0    3    1    1    3    0    1    1    1    2    1    0    1    2    3    0    3    3    1    2    2    0    3    0    2    2    3    2    1
  7.191663    0.692995    0.207974    0.157727    3.589322     0    2    0    1    2    3    2    0    0    2    1    3    2    0    1    0    2    3    2    3    1    3    0    1    2    1    3    0    0    0
  7.225479    0.699082    0.464597    0.002364   16.972115     0    1    3    0    0    3    1    1    3    0    3    2    2    1    1    3    2    0    3    2    1    0    2    1    3    2    0    3    3    3
  7.231663    0.706118    0.245341    0.047812    6.300423     1    3    1    2    0    2    2    0    0    2    2    3    0    3    1    2    3    0    3    1    2    2    1    2    0    2    3    2    0    3
  7.242342    0.698415    0.243821    0.136286    4.233310     1    2    1    2    3    2    2    3    0    3    0    0    1    3    1    3    3    1    1    3    0    0    0    2    1    0    2    0    2    2
  7.243026    0.700785    0.228273    0.121035    4.485264     3    1    3    2    2    0    3    2    0    2    2    0    3    3    1    3    1    3    2    0    0    2    1    1    1    0    0    0    3    0
  7.441117    0.730910    0.247275    0.008380   10.592172     0    2    0    2    2    0    2    2    2    3    3    1    3    1    0    3    3    2    0    3    3    2    3    0    3    2    2    2    3    3
  7.478431    0.728292    0.348254    0.021387    9.098122     1    1    2    1    2    2    3    1    3    3    3    3    0    2    0    2    3    2    2    1    0    3    1    3    0    2    0    1    3    3
  7.507784    0.722474    0.261821    0.152133    4.191477     3    1    0    0    0    2    1    1    3    0    1    0    1    3    1    2    2    1    1    3    3    0    2    1    0    2    1    1    2    0
  7.515729    0.728388    0.454630    0.004534   14.313430     3    1    2    3    3    1    0    2    1    3    1    1    0    3    0    2    0    2    2    0    3    1    3    1    3    2    1    0    0    1
  7.585526    0.705837    1.048686    0.002812   15.448834     1    1    1    3    3    3    2    0    2    0    2    3    2    0    1    2    1    1    3    1    2    2    3    0    1    3    0    1    3    1
  7.653673    0.751723    0.180504    0.046187    6.249545     2    2    1    0    3    0    0    0    3    0    3    2    2    3    0    2    0    0    2    3    2    2    3    0    2    3    2    1    2    3
  7.679792    0.751772    0.240803    0.041666    7.179032     2    1    3    1    1    2    1    0    2    3    2    0    2    2    0    1    3    0    0    3    1    0    3    2    3    0    3    1    0    3
  7.818349    0.756641    0.501159    0.001359   17.743625     0    1    2    0    0    2    0    3    3    3    3    1    0    0    2    2    3    2    3    1    1    0    1    3    1    2    1    1    1    2
  7.858081    0.770905    0.282799    0.007634   11.627013     1    2    2    0    1    3    2    0    1    0    2    0    2    2    1    0    3    2    3    1    3    1    3    3    0    1    0    3    0    2
  7.873542    0.774792    0.243742    0.003749   12.986941     0    0    2    2    2    2    2    3    3    0    2    1    1    2    2    3    1    0    1    0    0    1    0    0    0    3    1    2    1    3
  8.015672    0.792526    0.168199    0.006317   12.318701     0    2    1    3    2    3    1    1    0    0    2    2    1    2    0    3    1    0    0    3    0    3    2    0    0    2    1    0    0    0
  8.261201    0.808745    0.289661    0.028918    9.094965     2    3    0    0    2    3    1    3    3    0    1    3    2    1    0    3    1    3    1    3    0    0    2    1    1    3    3    0    2    1
  8.510686    0.842059    0.178559    0.000813   17.462753     2    2    3    3    1    0    0    2    0    2    2    0    3    2    0    0    2    0    3    1    0    2    0    3    1    1    2    0    0    3
  8.527421    0.831422    0.290905    0.067754    7.662859     3    1    1    0    0    1    3    0    0    1    0    3    1    0    1    3    3    2    1    1    3    3    3    0    0    1    3    1    3    1
  8.702632    0.857240    0.186202    0.037126    8.742780     0    1    0    2    1    1    3    1    1    0    0    0    3    1    0    3    0    0    3    0    3    0    3    2    0    2    1    0    3    1
  8.786520    0.865448    0.184830    0.039625    8.975505     0    0    1    1    0    1    3    3    0    0    3    1    0    0    0    1    1    1    0    0    2    1    0    0    1    2    3    3    3    3
  8.804989    0.873436    0.136014    0.002620   16.329579     2    1    1    2    1    0    2    1    0    0    0    1    1    0    0    2    0    1    0    0    3    0    3    0    3    0    3    0    3    0
  7.653673    0.751723    0.180504    0.046187    6.249545     2    2    1    0    3    0    0    0    3    0    3    2    2    3    0    2    0    0    2    3    2    2    3    0    2    3    2    1    2    3
  7.679792    0.751772    0.240803    0.041666    7.179032     2    1    3    1    1    2    1    0    2    3    2    0    2    2    0    1    3    0    0    3    1    0    3    2    3    0    3    1    0    3
  7.818349    0.756641    0.501159    0.001359   17.743625     0    1    2    0    0    2    0    3    3    3    3    1    0    0    2    2    3    2    3    1    1    0    1    3    1    2    1    1    1    2
  7.831915    0.760823    0.400646    0.023366    9.098122     1    1    2    1    2    3    2    1    0    2    3    3    0    0    1    2    2    3    2    1    1    3    1    1    0    1    0    1    3    3
  7.855139    0.773495    0.173653    0.033366    7.179032     2    2    3    3    2    3    1    0    2    0    2    2    2    2    0    1    1    0    0    3    1    0    3    0    0    0    3    1    0    0
  7.858081    0.770905    0.282799    0.007634   11.627013     1    2    2    0    1    3    2    0    1    0    2    0    2    2    1    0    3    2    3    1    3    1    3    3    0    1    0    3    0    2
  7.858081    0.770905    0.282799    0.007634   11.627013     1    2    2    0    1    3    2    0    1    0    2    0    2    2    1    0    3    2    3    1    3    1    3    3    0    1    0    3    0    2
  7.873542    0.774792    0.243742    0.003749   12.986941     0    0    2    2    2    2    2    3    3    0    2    1    1    2    2    3    1    0    1    0    0    1    0    0    0    3    1    2    1    3
  7.895039    0.774783    0.253084    0.020666    9.098122     1    2    2    1    1    3    3    0    1    3    2    0    2    2    0    0    3    2    2    1    0    3    3    3    0    1    0    1    0    3
  7.991474    0.783390    0.307447    0.003848   14.313430     3    1    2    3    3    1    0    2    1    2    2    0    0    3    1    3    1    2    2    0    0    1    1    1    1    0    0    0    0    1
  8.015672    0.792526    0.168199    0.006317   12.318701     0    2    1    3    2    3    1    1    0    0    2    2    1    2    0    3    1    0    0    3    0    3    2    0    0    2    1    0    0    0
  8.261201    0.808745    0.289661    0.028918    9.094965     2    3    0    0    2    3    1    3    3    0    1    3    2    1    0    3    1    3    1    3    0    0    2    1    1    3    3    0    2    1
  8.269959    0.802627    0.363925    0.061726    7.662859     3    1    1    1    0    1    0    1    1    1    0    3    0    1    1    3    0    3    1    1    2    2    0    3    0    2    3    1    3    1
  8.295834    0.813918    0.311212    0.001045   17.743625     0    1    2    0    0    2    2    3    3    0    2    1    0    0    2    3    3    2    1    0    1    1    0    3    0    3    1    2    1    2
  8.335084    0.822384    0.178476    0.022003    8.975505     2    2    1    1    3    0    3    3    0    0    3    1    0    0    0    2    0    0    2    0    2    1    3    0    2    3    2    1    3    3
  8.455822    0.840628    0.094263    0.002412   16.329579     0    1    0    2    1    0    2    1    0    0    0    0    1    1    0    2    0    0    0    0    3    0    3    2    3    2    3    0    3    0
  8.510686    0.842059    0.178559    0.000813   17.462753     2    2    3    3    1    0    0    2    0    2    2    0    3    2    0    0    2    0    3    1    0    2    0    3    1    1    2    0    0    3
  8.527421    0.831422    0.290905    0.067754    7.662859     3    1    1    0    0    1    3    0    0    1    0    3    1    0    1    3    3    2    1    1    3    3    3    0    0    1    3    1    3    1
  8.616429    0.852611    0.147613    0.016514   10.592172     0    1    3    0    0    0    2    2    3    0    3    1    3    1    0    3    3    0    0    3    3    0    2    0    3    2    0    2    3    3
  8.622513    0.846201    0.222002    0.049504    7.662859     3    1    1    2    1    0    2    1    0    0    0    1    1    0    0    2    3    1    0    0    3    0    3    0    3    1    3    1    3    1
  8.702632    0.857240    0.186202    0.037126    8.742780     0    1    0    2    1    1    3    1    1    0    0    0    3    1    0    3    0    0    3    0    3    0    3    2    0    2    1    0    3    1
  8.726411    0.865974    0.127176    0.003079   17.462753     3    2    1    0    0    0    0    0    0    1    0    0    1    0    0    0    3    0    3    1    3    2    3    3    1    1    2    0    0    3
  8.779067    0.865230    0.173762    0.039891    8.742780     0    1    0    0    2    1    1    3    1    0    0    3    3    1    0    3    0    0    3    3    0    0    2    1    0    3    3    0    3    1
  8.786520    0.865448    0.184830    0.039625    8.975505     0    0    1    1    0    1    3    3    0    0    3    1    0    0    0    1    1    1    0    0    2    1    0    0    1    2    3    3    3    3
  8.804989    0.873436    0.136014    0.002620   16.329579     2    1    1    2    1    0    2    1    0    0    0    1    1    0    0    2    0    1    0    0    3    0    3    0    3    0    3    0    3    0
  8.335084    0.822384    0.178476    0.022003    8.975505     2    2    1    1    3    0    3    3    0    0    3    1    0    0    0    2    0    0    2    0    2    1    3    0    2    3    2    1    3    3
  8.346148    0.823483    0.205588    0.008524   11.627013     2    1    2    0    1    2    1    0    1    3    2    0    2    2    1    0    3    0    0    1    3    0    3    3    0    1    0    3    0    3
  8.374852    0.820824    0.260807    0.036210    8.742780     0    1    0    0    2    1    1    3    1    0    1    3    2    1    0    3    1    3    3    3    0    0    2    1    0    3    3    0    2    1
  8.455822    0.840628    0.094263    0.002412   16.329579     0    1    0    2    1    0    2    1    0    0    0    0    1    1    0    2    0    0    0    0    3    0    3    2    3    2    3    0    3    0
  8.455822    0.840628    0.094263    0.002412   16.329579     0    1    0    2    1    0    2    1    0    0    0    0    1    1    0    2    0    0    0    0    3    0    3    2    3    2    3    0    3    0
  8.501084    0.844843    0.100456    0.002424   16.329579     0    1    0    2    1    0    2    1    0    0    0    0    1    1    0    2    0    0    0    0    3    0    3    2    3    2    1    0    3    0
  8.510686    0.842059    0.178559    0.000813   17.462753     2    2    3    3    1    0    0    2    0    2    2    0    3    2    0    0    2    0    3    1    0    2    0    3    1    1    2    0    0    3
  8.527421    0.831422    0.290905    0.067754    7.662859     3    1    1    0    0    1    3    0    0    1    0    3    1    0    1    3    3    2    1    1    3    3    3    0    0    1    3    1    3    1
  8.561045    0.842980    0.155493    0.053499    7.179032     2    2    0    0    2    3    1    0    1    0    0    3    3    1    0    1    1    0    0    3    1    0    3    0    0    3    3    0    3    0
  8.584445    0.846341    0.185475    0.028300    8.742780     0    1    2    0    0    2    3    3    1    0    0    1    3    0    0    3    0    2    3    0    1    1    3    2    0    2    1    0    1    1
  8.608316    0.849495    0.203838    0.011452   11.627013     1    1    1    2    1    0    2    0    1    0    0    0    2    0    0    2    0    1    3    1    3    0    3    0    3    1    0    3    3    2
  8.616429    0.852611    0.147613    0.016514   10.592172     0    1    3    0    0    0    2    2    3    0    3    1    3    1    0    3    3    0    0    3    3    0    2    0    3    2    0    2    3    3
  8.616429    0.852611    0.147613    0.016514   10.592172     0    1    3    0    0    0    2    2    3    0    3    1    3    1    0    3    3    0    0    3    3    0    2    0    3    2    0    2    3    3
  8.622513    0.846201    0.222002    0.049504    7.662859     3    1    1    2    1    0    2    1    0    0    0    1    1    0    0    2    3    1    0    0    3    0    3    0    3    1    3    1    3    1
  8.622513    0.846201    0.222002    0.049504    7.662859     3    1    1    2    1    0    2    1    0    0    0    1    1    0    0    2    3    1    0    0    3    0    3    0    3    1    3    1    3    1
  8.656202    0.851501    0.209459    0.036462    8.742780     0    1    2    0    0    1    1    3    1    0    0    3    3    0    0    3    3    2    3    0    1    1    2    3    0    3    1    0    3    1
  8.700956    0.862484    0.105255    0.023486    8.975505     2    2    0    1    3    0    3    3    0    0    0    0    0    0    0    2    0    0    2    0    3    0    3    2    3    3    3    1    3    3
  8.702632    0.857240    0.186202    0.037126    8.742780     0    1    0    2    1    1    3    1    1    0    0    0    3    1    0    3    0    0    3    0    3    0    3    2    0    2    1    0    3    1
  8.726411    0.865974    0.127176    0.003079   17.462753     3    2    1    0    0    0    0    0    0    1    0    0    1    0    0    0    3    0    3    1    3    2    3    3    1    1    2    0    0    3
  8.726411    0.865974    0.127176    0.003079   17.462753     3    2    1    0    0    0    0    0    0    1    0    0    1    0    0    0    3    0    3    1    3    2    3    3    1    1    2    0    0    3
  8.765616    0.871789    0.092153    0.001651   17.462753     3    2    3    0    0    0    1    0    2    1    2    0    2    0    0    1    3    0    0    1    3    0    3    0    0    0    3    1    0    0
  8.779067    0.865230    0.173762    0.039891    8.742780     0    1    0    0    2    1    1    3    1    0    0    3    3    1    0    3    0    0    3    3    0    0    2    1    0    3    3    0    3    1
  8.779067    0.865230    0.173762    0.039891    8.742780     0    1    0    0    2    1    1    3    1    0    0    3    3    1    0    3    0    0    3    3    0    0    2    1    0    3    3    0    3    1
  8.786520    0.865448    0.184830    0.039625    8.975505     0    0    1    1    0    1    3    3    0    0    3    1    0    0    0    1    1    1    0    0    2    1    0    0    1    2    3    3    3    3
  8.804989    0.873436    0.136014    0.002620   16.329579     2    1    1    2    1    0    2    1    0    0    0    1    1    0    0    2    0    1    0    0    3    0    3    0    3    0    3    0    3    0
