  5.309910    0.472636    1.165917    0.000591   19.877804     2    1    1    3    3    3    3    3    0    3    2    1    2    3    1    2    3    2    1    2    0    0    2    3    2    0    1    2    1    0
  5.947999    0.552650    0.821664    0.010669   11.289025     2    3    2    2    2    1    3    1    1    2    3    3    2    0    1    2    2    3    1    3    1    2    3    3    3    3    3    1    3    1
  6.609621    0.590375    1.409156    0.001296   17.573711     0    1    1    2    1    1    2    3    2    2    3    1    3    3    3    0    2    3    1    2    2    1    3    0    3    2    3    3    3    2
  6.989836    0.640711    1.161575    0.001934   16.012335     2    2    2    3    3    1    2    1    3    1    1    1    0    0    1    0    2    1    2    1    2    2    3    3    2    1    0    3    1    3
  7.093774    0.683068    0.268544    0.128826    4.415211     3    3    2    3    1    2    2    3    3    0    1    3    2    1    2    0    0    3    0    1    3    1    1    2    0    0    2    2    3    1
  7.155359    0.689648    0.311815    0.102972    5.202961     1    2    3    2    1    1    3    0    3    3    1    3    1    0    1    3    1    1    2    2    3    2    0    2    0    0    1    2    0    2
  7.214983    0.702445    0.331836    0.024617    8.411715     1    2    3    2    2    1    3    3    2    3    3    2    2    0    1    2    1    1    3    0    1    2    0    0    3    0    3    2    1    3
  7.239283    0.693340    0.291875    0.159945    4.210073     0    0    0    3    1    0    3    1    3    3    1    2    3    1    2    1    1    2    1    2    1    3    2    3    3    0    1    3    2    3
  7.281222    0.709601    0.342869    0.013778    9.492830     0    1    1    1    2    0    2    1    3    2    0    2    0    1    1    2    2    0    2    0    2    2    3    2    3    1    2    3    3    2
  7.392719    0.721040    0.316359    0.024142    8.436189     1    1    0    3    2    0    2    2    1    2    0    1    3    3    1    3    2    2    2    1    2    3    0    0    2    3    3    1    3    0
  7.507430    0.713014    0.750820    0.001875   16.348747     1    3    2    2    1    0    2    1    0    2    0    1    1    1    1    3    3    2    2    1    3    0    1    0    2    3    0    1    2    3
  7.700089    0.752191    0.189620    0.083371    5.530917     3    3    3    3    0    2    2    3    2    0    3    3    2    3    0    0    0    3    1    3    1    1    0    0    0    2    0    1    2    0
  7.712624    0.748777    0.438137    0.005785   13.527358     0    3    3    1    3    1    3    1    2    2    3    3    3    2    0    1    2    1    3    3    0    0    2    0    0    3    2    1    2    1
  7.950669    0.779143    0.233226    0.042628    7.380002     1    0    1    1    1    2    3    2    0    2    2    0    1    0    3    2    0    1    3    3    0    3    1    3    1    2    0    3    0    0
  7.959889    0.782412    0.247092    0.012226   10.074901     2    2    1    2    0    3    1    0    1    2    1    0    1    0    2    3    2    0    1    3    3    3    0    1    2    0    2    0    2    3
  8.030977    0.776965    0.489157    0.016749   10.545748     1    1    3    3    2    1    1    0    1    3    2    2    3    2    3    1    1    3    0    0    1    1    0    0    3    1    3    2    2    2
  8.173257    0.801513    0.313414    0.001423   17.038434     2    1    3    2    3    0    1    0    2    1    3    1    2    0    0    3    0    1    0    1    0    3    3    0    2    2    3    3    2    0
  8.197561    0.798511    0.416717    0.004090   15.132072     0    1    0    1    0    0    0    3    3    2    3    2    1    2    0    2    1    3    0    1    1    1    0    1    3    2    3    3    1    2
  8.254112    0.807798    0.343711    0.004276   13.902069     3    0    0    1    2    3    2    2    0    0    3    2    2    0    1    1    1    3    0    1    1    3    1    2    1    1    0    0    3    2
  8.275755    0.815466    0.239916    0.001136   18.056459     3    3    1    0    0    2    2    2    0    0    1    3    3    3    0    3    0    0    3    0    2    3    0    1    1    2    2    0    2    1
  8.315905    0.814268    0.300123    0.023160    9.317923     2    1    1    0    0    1    3    2    3    2    3    0    2    1    1    0    1    2    3    3    0    1    0    1    1    0    2    3    3    3
  8.421473    0.827652    0.255834    0.017038   11.311113     1    3    0    3    1    0    1    1    3    1    0    2    2    3    3    1    0    1    3    3    3    0    0    0    0    0    3    2    2    0
  8.440201    0.827756    0.322945    0.001172   17.933187     2    2    3    1    0    1    1    2    2    3    0    3    0    0    0    3    0    1    0    2    1    1    2    2    0    3    1    0    3    0
  8.609732    0.849341    0.217689    0.007476   12.165924     1    0    1    2    3    2    0    2    3    0    1    0    0    0    0    1    2    1    3    1    1    0    2    2    3    1    0    0    1    0
  8.900179    0.874317    0.307268    0.003374   18.739242     0    3    0    0    0    2    1    0    1    1    1    3    0    0    3    1    0    3    1    3    1    3    0    0    0    1    1    3    3    3
  7.915055    0.772499    0.203992    0.088073    5.530917     1    0    1    3    0    2    2    3    2    0    3    3    2    3    0    1    0    1    3    1    1    0    0    0    0    1    0    1    2    0
  7.950669    0.779143    0.233226    0.042628    7.380002     1    0    1    1    1    2    3    2    0    2    2    0    1    0    3    2    0    1    3    3    0    3    1    3    1    2    0    3    0    0
  7.959889    0.782412    0.247092    0.012226   10.074901     2    2    1    2    0    3    1    0    1    2    1    0    1    0    2    3    2    0    1    3    3    3    0    1    2    0    2    0    2    3
  7.962807    0.784955    0.212187    0.007168   12.165924     1    2    1    2    3    2    3    0    3    0    1    0    0    0    0    3    2    1    3    1    1    0    2    2    0    0    1    2    0    0
  7.986465    0.778260    0.394208    0.006764   13.527358     0    3    0    3    1    1    1    1    3    1    3    2    3    2    1    1    2    1    3    3    0    0    2    0    0    0    3    2    2    0
  7.998935    0.782538    0.252016    0.047548    7.380002     0    3    3    1    3    1    3    2    0    2    3    0    1    2    0    2    2    1    3    3    0    3    1    0    1    3    0    1    0    1
  8.030977    0.776965    0.489157    0.016749   10.545748     1    1    3    3    2    1    1    0    1    3    2    2    3    2    3    1    1    3    0    0    1    1    0    0    3    1    3    2    2    2
  8.050301    0.768533    0.708495    0.010726   12.165924     1    0    1    2    1    0    0    1    3    3    1    2    3    1    2    1    1    2    1    1    1    3    2    2    3    1    0    0    1    3
  8.173257    0.801513    0.313414    0.001423   17.038434     2    1    3    2    3    0    1    0    2    1    3    1    2    0    0    3    0    1    0    1    0    3    3    0    2    2    3    3    2    0
  8.173257    0.801513    0.313414    0.001423   17.038434     2    1    3    2    3    0    1    0    2    1    3    1    2    0    0    3    0    1    0    1    0    3    3    0    2    2    3    3    2    0
  8.197561    0.798511    0.416717    0.004090   15.132072     0    1    0    1    0    0    0    3    3    2    3    2    1    2    0    2    1    3    0    1    1    1    0    1    3    2    3    3    1    2
  8.254112    0.807798    0.343711    0.004276   13.902069     3    0    0    1    2    3    2    2    0    0    3    2    2    0    1    1    1    3    0    1    1    3    1    2    1    1    0    0    3    2
  8.275755    0.815466    0.239916    0.001136   18.056459     3    3    1    0    0    2    2    2    0    0    1    3    3    3    0    3    0    0    3    0    2    3    0    1    1    2    2    0    2    1
  8.289587    0.793508    0.703891    0.002556   16.348747     1    0    1    2    1    2    3    2    0    2    0    0    1    1    1    3    0    1    2    1    3    3    1    3    1    3    0    1    2    0
  8.315905    0.814268    0.300123    0.023160    9.317923     2    1    1    0    0    1    3    2    3    2    3    0    2    1    1    0    1    2    3    3    0    1    0    1    1    0    2    3    3    3
  8.399579    0.824393    0.262408    0.024450    9.317923     2    2    3    0    0    1    1    2    3    2    3    3    0    1    0    0    0    1    0    3    1    1    2    1    1    3    1    3    3    0
  8.419626    0.819349    0.449688    0.001290   18.739242     0    0    1    2    3    2    1    2    3    0    1    0    0    0    3    1    2    3    3    1    1    3    2    0    3    1    1    0    3    3
  8.421473    0.827652    0.255834    0.017038   11.311113     1    3    0    3    1    0    1    1    3    1    0    2    2    3    3    1    0    1    3    3    3    0    0    0    0    0    3    2    2    0
  8.431234    0.834597    0.155881    0.007327   12.165924     1    3    3    2    0    2    0    3    2    0    1    0    2    0    0    0    0    3    1    3    1    0    0    2    3    2    0    1    1    0
  8.440201    0.827756    0.322945    0.001172   17.933187     2    2    3    1    0    1    1    2    2    3    0    3    0    0    0    3    0    1    0    2    1    1    2    2    0    3    1    0    3    0
  8.471901    0.819674    0.523449    0.013433   12.165924     1    1    1    2    3    1    3    2    3    0    1    0    0    0    1    1    1    1    3    3    0    1    2    1    1    0    2    0    1    3
  8.609732    0.849341    0.217689    0.007476   12.165924     1    0    1    2    3    2    0    2    3    0    1    0    0    0    0    1    2    1    3    1    1    0    2    2    3    1    0    0    1    0
  8.764270    0.864871    0.219533    0.005790   15.132072     0    1    0    0    0    2    1    3    1    1    3    2    0    0    0    1    0    3    1    3    1    3    0    0    0    1    3    3    3    2
  8.802195    0.850175    0.597300    0.001794   18.056459     3    3    1    2    3    2    0    2    0    0    1    3    3    3    0    3    2    1    3    1    1    0    2    1    3    1    0    0    1    1
  8.900179    0.874317    0.307268    0.003374   18.739242     0    3    0    0    0    2    1    0    1    1    1    3    0    0    3    1    0    3    1    3    1    3    0    0    0    1    1    3    3    3
  8.364773    0.825430    0.183138    0.018904   10.074901     0    3    1    2    0    3    1    1    3    2    3    0    3    0    1    3    2    0    1    3    0    3    2    0    0    0    3    0    2    0
  8.399579    0.824393    0.262408    0.024450    9.317923     2    2    3    0    0    1    1    2    3    2    3    3    0    1    0    0    0    1    0    3    1    1    2    1    1    3    1    3    3    0
  8.399579    0.824393    0.262408    0.024450    9.317923     2    2    3    0    0    1    1    2    3    2    3    3    0    1    0    0    0    1    0    3    1    1    2    1    1    3    1    3    3    0
  8.412934    0.825444    0.309174    0.003908   15.132072     0    1    0    2    0    2    1    2    1    1    1    0    0    0    3    1    2    3    1    3    1    3    0    0    0    1    3    0    3    2
  8.419626    0.819349    0.449688    0.001290   18.739242     0    0    1    2    3    2    1    2    3    0    1    0    0    0    3    1    2    3    3    1    1    3    2    0    3    1    1    0    3    3
  8.419626    0.819349    0.449688    0.001290   18.739242     0    0    1    2    3    2    1    2    3    0    1    0    0    0    3    1    2    3    3    1    1    3    2    0    3    1    1    0    3    3
  8.421473    0.827652    0.255834    0.017038   11.311113     1    3    0    3    1    0    1    1    3    1    0    2    2    3    3    1    0    1    3    3    3    0    0    0    0    0    3    2    2    0
  8.431234    0.834597    0.155881    0.007327   12.165924     1    3    3    2    0    2    0    3    2    0    1    0    2    0    0    0    0    3    1    3    1    0    0    2    3    2    0    1    1    0
  8.431234    0.834597    0.155881    0.007327   12.165924     1    3    3    2    0    2    0    3    2    0    1    0    2    0    0    0    0    3    1    3    1    0    0    2    3    2    0    1    1    0
  8.440201    0.827756    0.322945    0.001172   17.933187     2    2    3    1    0    1    1    2    2    3    0    3    0    0    0    3    0    1    0    2    1    1    2    2    0    3    1    0    3    0
  8.440336    0.831289    0.224320    0.015284   11.311113     1    1    0    3    0    2    1    3    3    1    3    2    2    3    0    1    0    3    1    3    3    0    0    0    0    0    3    2    3    0
  8.456358    0.828951    0.300785    0.016450   11.311113     1    2    0    0    1    1    1    1    3    1    3    2    0    3    3    1    0    1    0    3    1    0    2    0    0    3    3    2    3    0
  8.471901    0.819674    0.523449    0.013433   12.165924     1    1    1    2    3    1    3    2    3    0    1    0    0    0    1    1    1    1    3    3    0    1    2    1    1    0    2    0    1    3
  8.471901    0.819674    0.523449    0.013433   12.165924     1    1    1    2    3    1    3    2    3    0    1    0    0    0    1    1    1    1    3    3    0    1    2    1    1    0    2    0    1    3
  8.497045    0.831949    0.317881    0.018611   10.074901     2    0    1    2    3    3    1    0    1    0    1    0    1    0    0    1    2    1    1    1    1    0    2    1    2    1    0    0    2    3
  8.515396    0.841628    0.195390    0.001416   17.933187     0    2    0    0    0    2    1    3    2    1    3    2    0    0    0    3    0    1    0    3    1    3    2    0    0    1    1    3    3    2
  8.609732    0.849341    0.217689    0.007476   12.165924     1    0    1    2    3    2    0    2    3    0    1    0    0    0    0    1    2    1    3    1    1    0    2    2    3    1    0    0    1    0
  8.609732    0.849341    0.217689    0.007476   12.165924     1    0    1    2    3    2    0    2    3    0    1    0    0    0    0    1    2    1    3    1    1    0    2    2    3    1    0    0    1    0
  8.764270    0.864871    0.219533    0.005790   15.132072     0    1    0    0    0    2    1    3    1    1    3    2    0    0    0    1    0    3    1    3    1    3    0    0    0    1    3    3    3    2
  8.764270    0.864871    0.219533    0.005790   15.132072     0    1    0    0    0    2    1    3    1    1    3    2    0    0    0    1    0    3    1    3    1    3    0    0    0    1    3    3    3    2
  8.802195    0.850175    0.597300    0.001794   18.056459     3    3    1    2    3    2    0    2    0    0    1    3    3    3    0    3    2    1    3    1    1    0    2    1    3    1    0    0    1    1
  8.802195    0.850175    0.597300    0.001794   18.056459     3    3    1    2    3    2    0    2    0    0    1    3    3    3    0    3    2    1    3    1    1    0    2    1    3    1    0    0    1    1
  8.872891    0.868930    0.362204    0.002493   18.056459     3    0    1    1    3    2    0    2    0    2    1    0    3    0    0    3    0    1    3    1    1    3    1    3    1    1    0    0    0    1
  8.900179    0.874317    0.307268    0.003374   18.739242     0    3    0    0    0    2    1    0    1    1    1    3    0    0    3    1    0    3    1    3    1    3    0    0    0    1    1    3    3    3
  9.208905    0.908299    0.246766    0.002534   18.056459     3    1    0    0    0    2    0    3    1    0    3    2    0    3    0    1    0    1    3    1    1    3    0    0    3    1    0    3    1    2
