  5.951731    0.573626    0.428445    0.001250   15.495165     2    2    3    1    1    1    2    2    2    3    0    3    1    2    1    2    0    2    2    3    3    0    0    3    2    0    2    3    0    3
  6.188669    0.550826    1.359683    0.000571   19.556172     1    3    0    0    0    3    1    3    2    0    2    2    2    0    1    1    2    1    0    2    2    2    1    0    1    3    2    2    0    3
  6.193360    0.593797    0.507081    0.001854   14.688807     1    3    2    2    2    0    2    2    3    0    3    0    0    2    1    2    2    1    2    3    0    3    2    1    2    0    1    3    2    1
  6.440884    0.622481    0.429702    0.001226   16.399180     0    0    2    2    2    0    0    2    0    2    3    0    2    3    1    2    3    3    0    1    3    3    1    1    2    0    1    2    2    1
  6.445659    0.615876    0.562072    0.005864   11.611928     0    1    2    2    3    2    1    0    2    1    3    2    2    2    1    1    1    2    2    0    2    1    1    1    3    3    2    2    0    0
  6.684698    0.643849    0.281381    0.105519    4.490483     2    2    2    2    2    3    3    3    1    0    2    3    0    3    2    1    1    2    2    1    0    2    1    0    2    1    3    0    1    3
  6.845369    0.649782    0.282185    0.206452    3.502875     0    1    0    3    2    2    0    3    1    3    2    3    2    3    3    3    1    1    1    1    1    1    0    3    3    2    0    1    2    3
  7.021769    0.668674    0.225022    0.222518    3.019302     0    0    1    1    3    2    3    2    3    2    3    0    1    2    2    0    0    3    3    2    1    0    1    0    3    0    1    0    1    0
  7.168497    0.674858    0.837904    0.000961   17.473776     1    2    3    3    0    2    0    0    2    2    0    0    1    1    2    2    2    0    2    2    1    3    1    1    1    0    1    1    3    2
  7.459494    0.725274    0.277757    0.067874    5.705075     3    0    3    2    0    2    2    0    3    2    1    0    1    3    0    1    1    3    1    3    1    0    2    2    2    2    1    2    2    2
  7.495112    0.736164    0.263796    0.001577   16.842852     2    1    0    1    3    1    3    2    3    3    2    0    1    0    0    0    2    3    3    0    3    0    2    3    0    2    2    0    2    0
  7.559662    0.724366    0.620832    0.005585   14.065009     3    3    3    3    1    1    1    3    3    0    0    2    1    2    2    3    2    1    0    3    3    3    3    2    3    2    3    0    1    2
  7.588250    0.742566    0.242841    0.041174    6.682849     3    1    1    2    2    2    2    0    0    1    1    0    2    3    1    2    3    2    2    3    0    0    1    3    0    2    0    0    2    1
  7.704413    0.749572    0.332086    0.042654    7.501656     1    1    1    1    0    2    2    1    3    3    2    0    2    3    0    2    0    3    1    3    1    0    1    2    1    0    2    1    3    3
  7.710100    0.738529    0.646133    0.001744   18.107058     1    2    3    1    1    3    0    0    2    3    2    3    1    1    1    3    3    1    3    2    3    1    2    0    0    0    0    1    3    0
  7.759150    0.748137    0.532424    0.011563   11.215770     3    2    2    0    3    1    1    1    0    2    1    3    2    3    1    3    1    1    2    2    0    2    1    0    3    3    1    1    3    3
  7.818077    0.771884    0.195992    0.001245   16.499369     1    2    2    3    2    1    2    3    0    2    0    3    0    3    0    1    2    1    2    0    2    0    0    3    0    3    0    3    0    0
  7.848456    0.760927    0.442581    0.017892   11.046294     3    3    1    1    1    1    1    1    1    0    1    3    3    0    0    3    0    1    2    2    1    2    2    0    3    0    1    0    2    0
  8.376243    0.820012    0.317303    0.017467   11.304419     3    3    3    1    3    0    3    3    1    1    0    0    0    0    3    1    2    2    0    3    1    3    2    3    1    1    1    0    0    2
  8.392715    0.826782    0.158975    0.045405    7.205476     0    0    0    0    0    2    2    0    1    0    0    0    3    3    3    1    1    3    1    0    0    3    2    1    2    3    2    2    3    3
  8.406822    0.826525    0.279179    0.001983   16.899544     1    1    0    2    3    3    2    2    3    1    3    3    1    1    2    0    0    1    3    3    0    0    1    2    3    0    0    0    0    0
  8.450043    0.827864    0.340982    0.000907   19.117723     2    2    3    1    3    0    0    1    0    3    1    3    3    0    0    2    2    3    2    0    3    2    0    1    1    3    0    0    3    1
  8.509882    0.840354    0.199063    0.006815   13.269528     3    0    1    0    0    3    1    2    1    3    1    2    0    0    0    1    2    1    0    0    3    0    3    1    0    2    2    3    3    0
  8.547207    0.717817    2.735953    0.001063   18.554699     2    2    1    3    0    1    2    2    3    0    2    1    3    1    1    1    1    1    2    3    3    1    1    2    3    2    2    1    1    0
  8.550314    0.841102    0.273614    0.002483   14.644360     0    2    2    2    2    1    2    3    2    3    0    3    0    3    1    2    1    3    0    3    0    3    0    0    1    3    0    2    1    1
  7.562819    0.731733    0.486218    0.002379   16.499369     2    2    3    3    1    1    2    3    2    3    0    3    1    3    1    1    0    1    2    3    2    0    0    3    0    3    0    3    0    3
  7.588250    0.742566    0.242841    0.041174    6.682849     3    1    1    2    2    2    2    0    0    1    1    0    2    3    1    2    3    2    2    3    0    0    1    3    0    2    0    0    2    1
  7.599646    0.670723    1.782232    0.001301   19.117723     2    2    1    3    3    1    0    1    3    0    1    1    3    1    1    2    1    1    2    3    3    1    1    2    3    2    2    0    3    0
  7.603996    0.746936    0.258881    0.005197   11.611928     0    1    1    2    3    2    2    0    0    1    1    2    2    2    1    2    1    2    2    0    0    0    1    1    0    2    0    2    0    0
  7.611352    0.749745    0.224065    0.001867   15.495165     2    2    0    1    3    1    3    2    2    3    0    0    1    0    0    0    2    3    3    3    3    0    2    3    2    0    2    0    2    0
  7.687413    0.749333    0.310522    0.038817    7.501656     0    1    1    1    0    2    3    1    3    2    3    0    2    3    2    2    0    3    1    2    1    0    1    2    1    0    2    1    3    3
  7.704413    0.749572    0.332086    0.042654    7.501656     1    1    1    1    0    2    2    1    3    3    2    0    2    3    0    2    0    3    1    3    1    0    1    2    1    0    2    1    3    3
  7.710100    0.738529    0.646133    0.001744   18.107058     1    2    3    1    1    3    0    0    2    3    2    3    1    1    1    3    3    1    3    2    3    1    2    0    0    0    0    1    3    0
  7.710100    0.738529    0.646133    0.001744   18.107058     1    2    3    1    1    3    0    0    2    3    2    3    1    1    1    3    3    1    3    2    3    1    2    0    0    0    0    1    3    0
  7.753427    0.757460    0.351783    0.002931   15.495165     1    1    0    1    3    3    2    2    3    3    3    3    1    1    1    2    0    2    3    3    0    0    1    2    2    0    0    0    0    3
  7.759150    0.748137    0.532424    0.011563   11.215770     3    2    2    0    3    1    1    1    0    2    1    3    2    3    1    3    1    1    2    2    0    2    1    0    3    3    1    1    3    3
  7.818077    0.771884    0.195992    0.001245   16.499369     1    2    2    3    2    1    2    3    0    2    0    3    0    3    0    1    2    1    2    0    2    0    0    3    0    3    0    3    0    0
  7.848456    0.760927    0.442581    0.017892   11.046294     3    3    1    1    1    1    1    1    1    0    1    3    3    0    0    3    0    1    2    2    1    2    2    0    3    0    1    0    2    0
  8.065660    0.791388    0.296256    0.003650   13.269528     2    2    1    0    0    0    1    1    1    3    1    2    0    0    0    2    2    3    2    0    3    2    0    1    1    2    2    3    3    1
  8.077277    0.795788    0.230640    0.004082   13.269528     3    0    2    0    2    3    1    2    1    0    1    2    0    0    0    1    2    1    2    1    0    0    1    0    2    1    2    0    3    3
  8.086747    0.794456    0.197677    0.043349    7.205476     0    0    0    0    0    3    2    2    1    3    1    2    3    0    3    1    2    1    1    0    0    3    3    1    0    2    2    2    3    3
  8.376243    0.820012    0.317303    0.017467   11.304419     3    3    3    1    3    0    3    3    1    1    0    0    0    0    3    1    2    2    0    3    1    3    2    3    1    1    1    0    0    2
  8.392715    0.826782    0.158975    0.045405    7.205476     0    0    0    0    0    2    2    0    1    0    0    0    3    3    3    1    1    3    1    0    0    3    2    1    2    3    2    2    3    3
  8.406822    0.826525    0.279179    0.001983   16.899544     1    1    0    2    3    3    2    2    3    1    3    3    1    1    2    0    0    1    3    3    0    0    1    2    3    0    0    0    0    0
  8.450043    0.827864    0.340982    0.000907   19.117723     2    2    3    1    3    0    0    1    0    3    1    3    3    0    0    2    2    3    2    0    3    2    0    1    1    3    0    0    3    1
  8.509882    0.840354    0.199063    0.006815   13.269528     3    0    1    0    0    3    1    2    1    3    1    2    0    0    0    1    2    1    0    0    3    0    3    1    0    2    2    3    3    0
  8.547207    0.717817    2.735953    0.001063   18.554699     2    2    1    3    0    1    2    2    3    0    2    1    3    1    1    1    1    1    2    3    3    1    1    2    3    2    2    1    1    0
  8.550314    0.841102    0.273614    0.002483   14.644360     0    2    2    2    2    1    2    3    2    3    0    3    0    3    1    2    1    3    0    3    0    3    0    0    1    3    0    2    1    1
  8.591356    0.850381    0.171749    0.001676   16.499369     1    0    2    3    2    1    2    3    0    2    0    0    2    3    0    1    2    3    0    0    3    0    0    1    0    0    0    3    2    1
  8.882424    0.879909    0.162897    0.001890   19.117723     0    0    3    1    0    0    0    0    1    0    0    0    3    3    3    1    1    3    2    0    0    2    0    1    1    3    0    2    3    1
  8.086747    0.794456    0.197677    0.043349    7.205476     0    0    0    0    0    3    2    2    1    3    1    2    3    0    3    1    2    1    1    0    0    3    3    1    0    2    2    2    3    3
  8.086747    0.794456    0.197677    0.043349    7.205476     0    0    0    0    0    3    2    2    1    3    1    2    3    0    3    1    2    1    1    0    0    3    3    1    0    2    2    2    3    3
  8.113511    0.790690    0.387211    0.013010   11.304419     3    2    3    3    1    1    2    3    1    1    0    0    1    3    3    1    0    2    0    3    2    3    2    3    1    3    1    0    0    2
  8.256404    0.809668    0.316265    0.001589   16.499369     1    2    2    3    2    1    2    3    2    2    0    3    0    3    0    1    1    1    0    3    2    3    0    0    1    3    0    3    0    0
  8.257259    0.814883    0.211085    0.002889   16.499369     0    0    3    1    0    0    2    3    1    3    0    0    1    3    3    1    0    3    2    3    2    2    0    1    0    3    0    3    0    1
  8.315427    0.809672    0.329426    0.053996    7.501656     1    1    1    1    3    0    2    3    1    1    2    0    0    3    0    1    0    2    0    3    1    0    1    2    1    1    1    1    3    3
  8.336368    0.818776    0.293883    0.001667   16.499369     1    2    3    3    1    1    2    3    2    3    0    0    2    3    0    1    0    1    2    3    2    0    0    1    0    0    0    3    2    3
  8.357035    0.818184    0.340747    0.004824   14.644360     0    2    1    2    0    3    1    3    2    3    1    3    0    0    1    1    1    3    0    3    3    0    3    1    0    3    2    2    3    0
  8.376243    0.820012    0.317303    0.017467   11.304419     3    3    3    1    3    0    3    3    1    1    0    0    0    0    3    1    2    2    0    3    1    3    2    3    1    1    1    0    0    2
  8.392715    0.826782    0.158975    0.045405    7.205476     0    0    0    0    0    2    2    0    1    0    0    0    3    3    3    1    1    3    1    0    0    3    2    1    2    3    2    2    3    3
  8.402911    0.827028    0.261794    0.001737   16.499369     2    2    2    3    1    1    2    3    2    3    0    3    0    3    1    2    1    3    0    3    0    0    0    0    0    3    0    2    0    1
  8.406822    0.826525    0.279179    0.001983   16.899544     1    1    0    2    3    3    2    2    3    1    3    3    1    1    2    0    0    1    3    3    0    0    1    2    3    0    0    0    0    0
  8.419135    0.828550    0.263645    0.001807   16.499369     1    1    2    3    3    1    2    3    0    1    1    2    2    2    0    2    1    3    0    0    3    0    0    1    0    0    0    3    0    0
  8.420898    0.821906    0.372942    0.015371   11.304419     3    3    3    1    3    3    1    3    1    0    1    2    0    0    0    1    2    1    2    3    0    0    2    3    1    1    1    0    3    2
  8.450043    0.827864    0.340982    0.000907   19.117723     2    2    3    1    3    0    0    1    0    3    1    3    3    0    0    2    2    3    2    0    3    2    0    1    1    3    0    0    3    1
  8.473127    0.832861    0.178350    0.055344    7.205476     0    0    0    1    0    3    0    0    1    0    1    0    3    3    3    1    2    1    1    0    0    2    3    1    0    2    0    2    3    1
  8.509882    0.840354    0.199063    0.006815   13.269528     3    0    1    0    0    3    1    2    1    3    1    2    0    0    0    1    2    1    0    0    3    0    3    1    0    2    2    3    3    0
  8.547207    0.717817    2.735953    0.001063   18.554699     2    2    1    3    0    1    2    2    3    0    2    1    3    1    1    1    1    1    2    3    3    1    1    2    3    2    2    1    1    0
  8.550314    0.841102    0.273614    0.002483   14.644360     0    2    2    2    2    1    2    3    2    3    0    3    0    3    1    2    1    3    0    3    0    3    0    0    1    3    0    2    1    1
  8.591356    0.850381    0.171749    0.001676   16.499369     1    0    2    3    2    1    2    3    0    2    0    0    2    3    0    1    2    3    0    0    3    0    0    1    0    0    0    3    2    1
  8.591356    0.850381    0.171749    0.001676   16.499369     1    0    2    3    2    1    2    3    0    2    0    0    2    3    0    1    2    3    0    0    3    0    0    1    0    0    0    3    2    1
  8.642070    0.855213    0.175973    0.001949   16.899544     3    1    0    2    0    3    1    2    1    1    3    2    1    0    0    0    2    1    3    0    0    0    3    2    0    0    0    3    3    0
  8.882424    0.879909    0.162897    0.001890   19.117723     0    0    3    1    0    0    0    0    1    0    0    0    3    3    3    1    1    3    2    0    0    2    0    1    1    3    0    2    3    1
  8.882424    0.879909    0.162897    0.001890   19.117723     0    0    3    1    0    0    0    0    1    0    0    0    3    3    3    1    1    3    2    0    0    2    0    1    1    3    0    2    3    1
  8.882424    0.879909    0.162897    0.001890   19.117723     0    0    3    1    0    0    0    0    1    0    0    0    3    3    3    1    1    3    2    0    0    2    0    1    1    3    0    2    3    1
