  5.868201    0.573364    0.267338    0.000890   18.277595     0    3    2    2    2    0    1    3    2    0    3    0    2    0    3    0    3    2    2    1    0    3    3    3    0    3    2    3    3    3
  5.947785    0.568564    0.523358    0.000461   18.986867     1    3    0    2    3    0    3    3    2    1    1    2    2    2    2    1    3    2    3    2    2    0    0    2    3    0    0    0    1    0
  6.538396    0.639998    0.271196    0.002819   13.581875     2    0    0    3    1    1    0    1    0    2    2    3    2    2    1    0    2    2    3    0    3    0    3    3    2    3    2    2    3    0
  6.556206    0.624648    0.618517    0.000472   18.941979     2    1    3    1    1    2    3    3    3    3    0    2    0    2    1    2    0    2    1    2    2    3    0    0    2    1    0    2    3    2
  6.796683    0.622383    1.143910    0.000896   16.815761     2    2    0    2    1    2    1    1    2    1    1    1    3    2    2    1    2    0    0    1    1    1    1    0    0    2    2    1    2    3
  7.023833    0.519756    3.651492    0.000529   18.985850     1    2    3    1    1    1    2    2    1    1    0    2    2    2    1    1    0    0    1    1    2    2    2    1    1    2    1    1    0    2
  7.499839    0.725901    0.207014    0.137322    4.361725     0    3    3    0    3    2    2    0    3    3    3    1    0    1    2    0    2    1    0    3    1    3    3    0    2    3    0    1    0    3
  7.523429    0.737088    0.223827    0.040635    6.640780     0    3    2    3    2    0    0    2    1    2    0    2    2    0    2    3    2    1    0    1    2    1    2    1    3    3    1    3    0    0
  7.714627    0.751784    0.156227    0.118675    4.276944     0    0    3    0    3    0    0    3    3    1    2    0    0    0    0    0    3    1    2    0    2    2    1    2    2    2    0    2    0    0
  7.725330    0.756089    0.207644    0.060616    6.138675     3    2    3    1    0    2    2    2    3    0    2    0    0    3    0    1    2    1    3    3    0    0    1    3    2    1    0    3    1    0
  7.790332    0.767337    0.223162    0.005384   11.965202     2    3    1    2    2    0    2    2    2    3    3    0    3    1    0    2    3    3    2    3    0    1    0    0    0    3    1    0    0    2
  7.822921    0.765782    0.209026    0.060583    5.821714     2    3    2    0    1    0    0    2    0    2    1    0    0    0    2    1    2    3    3    0    3    3    1    2    3    2    2    1    3    1
  7.832299    0.753182    0.590643    0.005159   13.117392     2    0    3    2    0    0    1    2    3    1    2    2    0    3    1    3    1    1    1    2    1    0    1    0    2    2    3    1    1    3
  7.854236    0.756369    0.573929    0.003583   14.381823     2    0    3    1    1    2    1    0    2    2    1    2    3    3    2    1    2    0    0    3    1    3    1    1    1    0    1    1    0    3
  7.927588    0.769564    0.375564    0.044165    8.380804     3    3    1    1    1    3    0    0    2    3    3    3    2    0    3    3    2    3    0    3    1    1    1    1    3    3    3    3    2    1
  7.933995    0.773582    0.269266    0.063544    6.316007     1    3    0    2    2    0    1    0    3    3    2    1    1    3    1    0    1    0    3    0    2    0    3    1    2    2    1    2    1    3
  8.023439    0.785410    0.278714    0.029977    8.205269     2    2    0    1    1    3    0    1    2    2    3    0    1    1    1    3    3    0    2    0    3    0    2    2    3    1    1    1    0    0
  8.059114    0.791559    0.264319    0.011369   11.727985     0    2    3    1    2    2    1    3    0    0    1    0    0    3    3    3    1    1    3    0    2    2    0    3    1    3    3    3    3    0
  8.064622    0.778231    0.559062    0.002779   19.026283     3    0    3    3    3    3    0    3    1    0    3    1    0    0    1    0    3    1    0    1    3    2    3    1    2    3    3    1    2    0
  8.335561    0.821178    0.199086    0.024235    8.639712     2    1    3    1    0    2    0    0    0    0    2    2    0    3    3    0    0    2    3    1    0    3    1    3    1    1    2    1    2    0
  8.465213    0.831721    0.253067    0.021474    9.279442     1    2    0    2    2    3    1    2    3    0    1    0    0    0    1    0    0    1    3    2    1    1    1    2    0    1    0    3    1    3
  8.477963    0.814842    0.636241    0.011425   12.344320     3    3    3    1    3    1    2    2    0    0    3    0    1    1    1    2    1    0    2    3    3    1    1    1    1    0    1    1    2    3
  8.603168    0.846003    0.278160    0.004061   14.540089     0    2    3    1    3    0    2    2    1    1    0    3    2    0    1    0    1    1    2    3    3    0    0    0    1    1    3    3    0    0
  8.622083    0.844842    0.335272    0.006030   15.817553     0    1    3    3    0    0    3    3    3    0    1    3    1    0    1    1    3    2    1    0    3    3    3    2    1    3    0    0    3    0
  8.629333    0.838337    0.462528    0.014697   11.303209     1    1    2    0    0    1    1    2    0    2    1    1    1    0    1    2    1    1    0    0    1    0    1    1    1    1    0    0    1    2
  7.896681    0.777434    0.150607    0.047039    6.138675     0    2    3    2    0    0    2    2    2    0    2    0    0    3    0    0    3    2    2    1    0    0    1    3    2    1    0    3    1    0
  7.927588    0.769564    0.375564    0.044165    8.380804     3    3    1    1    1    3    0    0    2    3    3    3    2    0    3    3    2    3    0    3    1    1    1    1    3    3    3    3    2    1
  7.933995    0.773582    0.269266    0.063544    6.316007     1    3    0    2    2    0    1    0    3    3    2    1    1    3    1    0    1    0    3    0    2    0    3    1    2    2    1    2    1    3
  7.952063    0.767994    0.438659    0.052796    8.380804     3    0    3    1    1    3    1    0    2    3    3    3    3    3    3    3    2    1    0    3    1    1    1    1    1    0    3    1    2    3
  7.970196    0.782046    0.287611    0.005935   13.117392     0    0    3    0    3    2    2    2    3    1    3    1    0    3    1    0    2    1    1    2    1    0    1    0    2    3    0    1    0    3
  8.023439    0.785410    0.278714    0.029977    8.205269     2    2    0    1    1    3    0    1    2    2    3    0    1    1    1    3    3    0    2    0    3    0    2    2    3    1    1    1    0    0
  8.059114    0.791559    0.264319    0.011369   11.727985     0    2    3    1    2    2    1    3    0    0    1    0    0    3    3    3    1    1    3    0    2    2    0    3    1    3    3    3    3    0
  8.064622    0.778231    0.559062    0.002779   19.026283     3    0    3    3    3    3    0    3    1    0    3    1    0    0    1    0    3    1    0    1    3    2    3    1    2    3    3    1    2    0
  8.241293    0.809972    0.161361    0.060893    6.138675     3    2    0    1    0    3    0    2    2    0    3    0    0    1    0    1    2    0    3    0    0    0    2    3    2    1    1    3    1    0
  8.309085    0.779588    1.023550    0.001427   19.026283     2    0    3    3    1    3    0    3    2    2    1    1    0    0    1    1    3    1    0    1    1    2    3    1    2    3    1    1    0    0
  8.335561    0.821178    0.199086    0.024235    8.639712     2    1    3    1    0    2    0    0    0    0    2    2    0    3    3    0    0    2    3    1    0    3    1    3    1    1    2    1    2    0
  8.336430    0.819293    0.214680    0.036156    8.380804     0    2    1    1    2    3    0    3    0    0    3    0    2    3    3    3    2    3    0    3    1    1    0    3    1    3    3    3    3    0
  8.347479    0.772670    1.238010    0.001773   18.986867     1    0    3    2    3    0    3    3    3    1    1    2    0    3    1    1    1    1    3    2    2    0    1    0    3    2    3    1    1    3
  8.392649    0.814101    0.477585    0.012847   12.344320     3    3    3    1    1    3    2    1    2    0    3    0    1    1    1    3    3    0    2    0    3    0    1    1    3    0    1    1    2    0
  8.465213    0.831721    0.253067    0.021474    9.279442     1    2    0    2    2    3    1    2    3    0    1    0    0    0    1    0    0    1    3    2    1    1    1    2    0    1    0    3    1    3
  8.477963    0.814842    0.636241    0.011425   12.344320     3    3    3    1    3    1    2    2    0    0    3    0    1    1    1    2    1    0    2    3    3    1    1    1    1    0    1    1    2    3
  8.508887    0.823001    0.546696    0.005528   14.381823     1    0    3    1    1    2    1    0    0    2    1    2    3    3    1    2    1    0    0    3    1    3    1    1    1    1    0    0    0    2
  8.565328    0.834762    0.427735    0.003841   14.381823     2    2    0    1    1    2    0    0    2    2    3    0    1    3    1    1    2    0    0    0    1    3    1    1    1    1    1    1    0    0
  8.603168    0.846003    0.278160    0.004061   14.540089     0    2    3    1    3    0    2    2    1    1    0    3    2    0    1    0    1    1    2    3    3    0    0    0    1    1    3    3    0    0
  8.622083    0.844842    0.335272    0.006030   15.817553     0    1    3    3    0    0    3    3    3    0    1    3    1    0    1    1    3    2    1    0    3    3    3    2    1    3    0    0    3    0
  8.629333    0.838337    0.462528    0.014697   11.303209     1    1    2    0    0    1    1    2    0    2    1    1    1    0    1    2    1    1    0    0    1    0    1    1    1    1    0    0    1    2
  8.730965    0.859869    0.251522    0.006511   13.117392     0    2    3    2    0    0    1    2    3    0    2    0    0    3    1    3    1    1    1    2    1    0    0    0    1    3    3    3    1    3
  8.774383    0.859184    0.335259    0.014913   11.303209     1    1    0    2    0    1    1    2    0    2    1    1    0    0    1    0    1    1    0    0    1    1    1    2    0    1    0    3    1    3
  8.796985    0.858947    0.381349    0.016837   11.303209     3    1    2    0    3    1    1    2    0    0    3    1    1    0    1    2    1    1    0    0    3    0    3    1    1    3    0    1    1    2
  8.798706    0.863894    0.240636    0.039450    9.279442     3    0    3    3    3    3    0    3    1    0    1    0    0    0    1    0    0    1    3    1    3    1    1    1    2    3    0    3    2    3
  8.508887    0.823001    0.546696    0.005528   14.381823     1    0    3    1    1    2    1    0    0    2    1    2    3    3    1    2    1    0    0    3    1    3    1    1    1    1    0    0    0    2
  8.530318    0.830145    0.434418    0.011655   12.344320     3    1    2    0    0    1    1    2    0    0    3    0    1    1    1    2    1    0    2    3    3    1    1    1    1    1    0    0    1    3
  8.548824    0.840499    0.278141    0.004765   14.381823     2    1    0    1    1    2    0    0    2    0    3    0    0    3    3    0    0    2    3    0    1    3    1    1    1    1    1    1    2    0
  8.554685    0.833763    0.405245    0.014434   11.303209     1    3    3    2    0    1    2    2    0    0    3    1    0    1    1    0    1    1    0    0    1    1    1    2    1    0    1    1    2    3
  8.565328    0.834762    0.427735    0.003841   14.381823     2    2    0    1    1    2    0    0    2    2    3    0    1    3    1    1    2    0    0    0    1    3    1    1    1    1    1    1    0    0
  8.565328    0.834762    0.427735    0.003841   14.381823     2    2    0    1    1    2    0    0    2    2    3    0    1    3    1    1    2    0    0    0    1    3    1    1    1    1    1    1    0    0
  8.603168    0.846003    0.278160    0.004061   14.540089     0    2    3    1    3    0    2    2    1    1    0    3    2    0    1    0    1    1    2    3    3    0    0    0    1    1    3    3    0    0
  8.608284    0.847278    0.211107    0.029946    9.279442     0    2    3    1    2    3    0    3    0    0    1    0    0    3    1    0    2    1    0    3    1    1    1    3    1    3    0    3    3    0
  8.622083    0.844842    0.335272    0.006030   15.817553     0    1    3    3    0    0    3    3    3    0    1    3    1    0    1    1    3    2    1    0    3    3    3    2    1    3    0    0    3    0
  8.629333    0.838337    0.462528    0.014697   11.303209     1    1    2    0    0    1    1    2    0    2    1    1    1    0    1    2    1    1    0    0    1    0    1    1    1    1    0    0    1    2
  8.675868    0.855553    0.221314    0.009685   12.344320     0    2    3    2    1    0    1    2    3    0    3    0    1    3    1    3    3    0    2    0    3    0    0    0    3    3    1    3    1    3
  8.730965    0.859869    0.251522    0.006511   13.117392     0    2    3    2    0    0    1    2    3    0    2    0    0    3    1    3    1    1    1    2    1    0    0    0    1    3    3    3    1    3
  8.730965    0.859869    0.251522    0.006511   13.117392     0    2    3    2    0    0    1    2    3    0    2    0    0    3    1    3    1    1    1    2    1    0    0    0    1    3    3    3    1    3
  8.735017    0.862683    0.200980    0.007694   13.117392     0    2    3    2    0    0    0    3    2    0    1    1    0    3    1    3    3    1    0    2    1    0    3    0    1    3    3    3    0    3
  8.743825    0.857895    0.319438    0.005154   15.817553     0    1    3    3    0    0    3    2    0    0    1    1    1    0    1    1    3    2    0    0    3    3    3    1    1    3    0    0    1    2
  8.774383    0.859184    0.335259    0.014913   11.303209     1    1    0    2    0    1    1    2    0    2    1    1    0    0    1    0    1    1    0    0    1    1    1    2    0    1    0    3    1    3
  8.774383    0.859184    0.335259    0.014913   11.303209     1    1    0    2    0    1    1    2    0    2    1    1    0    0    1    0    1    1    0    0    1    1    1    2    0    1    0    3    1    3
  8.796985    0.858947    0.381349    0.016837   11.303209     3    1    2    0    3    1    1    2    0    0    3    1    1    0    1    2    1    1    0    0    3    0    3    1    1    3    0    1    1    2
  8.796985    0.858947    0.381349    0.016837   11.303209     3    1    2    0    3    1    1    2    0    0    3    1    1    0    1    2    1    1    0    0    3    0    3    1    1    3    0    1    1    2
  8.798706    0.863894    0.240636    0.039450    9.279442     3    0    3    3    3    0    0    3    1    0    1    0    0    0    1    0    0    1    3    1    3    1    1    1    2    3    0    3    2    3
  8.811106    0.867644    0.182160    0.043590    8.380804     0    2    0    2    0    3    1    3    0    0    1    1    0    3    3    0    1    3    0    3    1    1    0    3    0    3    3    3    3    3
  8.832970    0.868593    0.216822    0.038628    9.279442     3    0    3    3    3    0    0    3    1    0    1    0    0    0    1    0    0    1    3    1    3    1    1    1    2    3    0    3    2    3
  8.851636    0.862617    0.445515    0.002705   19.026283     1    0    0    3    2    3    1    3    3    0    1    0    0    0    1    0    0    1    3    1    3    2    3    1    0    1    0    1    1    3
  8.871743    0.876612    0.200210    0.005520   14.540089     0    2    3    1    0    0    2    0    0    0    0    3    2    0    1    0    0    1    3    1    3    0    1    3    1    1    3    1    2    0
  8.900137    0.874006    0.279203    0.020475   11.303209     3    0    3    0    3    1    1    2    0    0    3    1    1    0    1    2    3    1    0    0    3    0    3    1    1    3    0    1    1    0
