  2.783822    0.401668    1.549884    0.000538   18.668246     2    3    0    2    3    2    2    3    2    3    0    0    2    2    2    3    0    1    1    1    2    2    3    2    1    1    1    1    0    2
  3.449575    0.624767    0.342356    0.154563    3.945156     1    1    2    2    1    3    0    2    1    3    2    2    0    1    1    1    2    2    1    1    2    2    1    1    3    1    3    0    2    0
  3.480403    0.639491    0.561521    0.002187   14.099352     2    3    0    1    2    2    0    2    1    0    2    2    1    0    3    2    0    1    2    1    1    3    2    2    1    2    0    1    3    3
  3.498199    0.647400    0.276939    0.122731    4.501738     1    3    2    1    3    3    0    2    3    3    1    3    2    0    3    0    2    2    2    1    3    2    2    1    3    3    2    0    0    3
  3.576006    0.655808    0.225056    0.184437    3.289669     2    3    1    0    3    1    0    2    2    3    0    1    2    0    3    2    1    2    3    2    3    3    0    2    2    0    3    0    0    0
  3.600585    0.654174    0.657303    0.001065   18.137055     3    3    1    2    0    3    1    2    3    3    0    2    0    2    0    0    3    1    3    2    1    3    2    2    3    3    0    2    2    0
  3.637675    0.661887    0.648739    0.003872   13.091885     2    3    0    2    1    1    0    3    3    1    2    0    2    2    3    2    2    3    3    1    3    0    1    3    1    2    2    2    2    1
  3.650362    0.685053    0.309191    0.070503    5.850687     1    3    0    2    3    1    3    1    2    3    2    0    2    2    1    3    2    1    0    1    0    3    2    1    2    1    2    0    3    3
  3.692637    0.700050    0.344606    0.020083    8.939098     2    2    1    1    3    3    3    3    1    3    3    2    0    3    3    1    2    0    2    0    0    3    0    2    2    2    3    2    2    2
  3.726952    0.707575    0.355977    0.011087   10.253057     2    3    2    3    3    2    2    2    2    2    1    2    1    0    1    0    2    3    1    3    3    1    0    3    1    0    3    0    1    0
  3.800630    0.690930    0.242693    0.224632    3.248611     3    2    0    1    2    0    1    0    1    0    1    1    3    0    3    0    1    2    0    3    3    2    1    3    3    3    3    1    0    1
  3.822708    0.708431    0.551073    0.005014   12.973453     2    3    3    2    1    1    1    3    2    1    1    3    1    0    2    1    0    0    2    2    3    0    1    2    1    2    0    1    2    3
  3.825300    0.735201    0.259522    0.019535    8.384856     0    2    0    0    1    3    1    2    2    1    2    2    0    2    2    3    3    0    1    0    0    1    2    2    2    2    1    0    1    1
  3.856533    0.719545    0.258711    0.129451    4.547070     0    1    0    0    2    1    1    2    0    3    3    3    1    1    3    1    0    2    3    3    3    3    2    0    2    3    2    1    3    2
  3.864765    0.730708    0.222691    0.099879    4.960638     1    3    1    3    2    3    0    2    3    0    2    2    2    1    0    0    1    1    0    0    0    1    2    3    3    3    0    1    0    2
  3.877194    0.732693    0.416836    0.005310   13.455769     1    0    2    0    0    3    0    3    3    2    1    1    3    1    1    3    2    2    2    0    2    3    0    1    3    1    1    2    3    0
  3.880563    0.746909    0.281219    0.005411   13.131398     1    1    0    2    0    0    3    3    0    0    1    2    2    2    1    0    3    3    2    0    2    3    1    0    1    3    3    3    2    3
  3.901057    0.697688    0.821108    0.002062   17.503719     1    0    3    1    1    1    2    2    3    0    0    1    1    0    3    2    3    1    3    0    2    3    3    1    3    2    1    2    3    2
  3.902405    0.762954    0.170879    0.002194   13.950131     0    2    0    1    0    1    3    2    2    2    3    1    0    2    0    2    2    0    2    2    0    1    0    2    0    0    3    0    1    0
  3.950727    0.733007    0.564120    0.003633   13.599765     2    2    1    2    3    3    0    1    1    1    1    1    2    1    2    2    0    1    0    1    2    0    2    3    3    0    0    2    3    1
  3.990796    0.761543    0.227692    0.069236    5.796203     3    0    2    0    1    0    2    0    3    2    3    1    0    3    1    0    2    0    3    3    2    2    1    1    2    1    1    0    2    3
  4.142536    0.760205    0.669672    0.006676   13.725223     1    0    3    1    1    3    2    3    0    0    3    3    1    3    3    1    2    2    1    2    3    0    0    3    1    1    2    1    2    3
  4.233540    0.826900    0.191612    0.003236   15.980915     0    0    2    0    3    0    1    3    0    3    1    2    3    0    1    3    2    0    3    3    0    0    3    1    3    2    1    0    0    2
  4.236346    0.821309    0.241700    0.008949   11.979140     1    2    0    2    1    3    3    0    1    2    3    3    0    0    0    3    2    1    1    0    0    2    3    1    3    2    0    3    3    3
  4.257549    0.816741    0.268327    0.039678    8.206337     0    0    1    0    1    1    0    1    0    1    3    0    1    0    1    2    2    3    2    1    2    3    0    3    3    3    1    3    3    2
  3.812162    0.691911    0.249786    0.227713    3.248611     3    0    3    1    2    0    1    0    1    0    1    1    1    0    3    0    1    2    3    0    3    2    3    1    3    3    1    2    0    2
  3.822708    0.708431    0.551073    0.005014   12.973453     2    3    3    2    1    1    1    3    2    1    1    3    1    0    2    1    0    0    2    2    3    0    1    2    1    2    0    1    2    3
  3.825300    0.735201    0.259522    0.019535    8.384856     0    2    0    0    1    3    1    2    2    1    2    2    0    2    2    3    3    0    1    0    0    1    2    2    2    2    1    0    1    1
  3.856533    0.719545    0.258711    0.129451    4.547070     0    1    0    0    2    1    1    2    0    3    3    3    1    1    3    1    0    2    3    3    3    3    2    0    2    3    2    1    3    2
  3.864765    0.730708    0.222691    0.099879    4.960638     1    3    1    3    2    3    0    2    3    0    2    2    2    1    0    0    1    1    0    0    0    1    2    3    3    3    0    1    0    2
  3.877194    0.732693    0.416836    0.005310   13.455769     1    0    2    0    0    3    0    3    3    2    1    1    3    1    1    3    2    2    2    0    2    3    0    1    3    1    1    2    3    0
  3.880563    0.746909    0.281219    0.005411   13.131398     1    1    0    2    0    0    3    3    0    0    1    2    2    2    1    0    3    3    2    0    2    3    1    0    1    3    3    3    2    3
  3.884118    0.751599    0.234475    0.008885   10.253057     2    3    2    0    3    2    2    2    2    2    0    2    1    0    1    0    2    2    1    3    3    3    0    3    1    0    3    0    1    0
  3.889427    0.744223    0.324894    0.005866   11.979140     1    2    1    2    2    3    3    2    1    0    2    3    2    0    0    3    2    1    0    0    0    1    2    1    3    2    0    1    3    3
  3.898968    0.724445    0.177207    0.188140    3.289669     0    0    1    0    3    1    0    2    0    3    0    2    2    0    3    2    1    0    3    0    3    0    0    1    2    0    1    0    0    2
  3.901057    0.697688    0.821108    0.002062   17.503719     1    0    3    1    1    1    2    2    3    0    0    1    1    0    3    2    3    1    3    0    2    3    3    1    3    2    1    2    3    2
  3.902405    0.762954    0.170879    0.002194   13.950131     0    2    0    1    0    1    3    2    2    2    3    1    0    2    0    2    2    0    2    2    0    1    0    2    0    0    3    0    1    0
  3.950727    0.733007    0.564120    0.003633   13.599765     2    2    1    2    3    3    0    1    1    1    1    1    2    1    2    2    0    1    0    1    2    0    2    3    3    0    0    2    3    1
  3.952703    0.732723    0.569052    0.004562   13.091885     2    3    3    2    1    1    0    3    2    1    1    0    2    0    2    1    0    0    3    1    3    0    1    2    1    2    2    2    2    1
  3.964734    0.757469    0.301422    0.026677    8.384856     0    1    0    0    1    3    1    2    0    3    2    3    1    2    2    3    3    0    1    3    0    1    2    2    2    3    2    1    3    2
  3.981757    0.766721    0.294783    0.000761   18.137055     3    3    2    0    0    0    2    2    3    2    0    1    0    3    1    0    2    0    3    2    1    3    2    2    3    1    1    0    2    0
  3.990796    0.761543    0.227692    0.069236    5.796203     3    0    2    0    1    0    2    0    3    2    3    1    0    3    1    0    2    0    3    3    2    2    1    1    2    1    1    0    2    3
  3.990796    0.761543    0.227692    0.069236    5.796203     3    0    2    0    1    0    2    0    3    2    3    1    0    3    1    0    2    0    3    3    2    2    1    1    2    1    1    0    2    3
  4.082840    0.770481    0.448314    0.006276   13.091885     2    3    0    1    1    1    3    3    3    1    3    1    0    2    0    2    2    3    2    1    3    0    1    3    0    2    2    0    1    0
  4.142536    0.760205    0.669672    0.006676   13.725223     1    0    3    1    1    3    2    3    0    0    3    3    1    3    3    1    2    2    1    2    3    0    0    3    1    1    2    1    2    3
  4.150942    0.785411    0.442767    0.002505   15.980915     0    0    2    1    1    0    2    3    0    0    1    3    1    3    3    1    2    2    1    3    0    0    0    3    3    2    1    1    2    2
  4.184611    0.808878    0.245887    0.017279   10.253057     0    0    1    3    3    1    0    1    0    2    1    2    1    0    1    0    2    3    2    1    2    3    0    3    3    0    3    0    3    2
  4.233540    0.826900    0.191612    0.003236   15.980915     0    0    2    0    3    0    1    3    0    3    1    2    3    0    1    3    2    0    3    3    0    0    3    1    3    2    1    0    0    2
  4.236346    0.821309    0.241700    0.008949   11.979140     1    2    0    2    1    3    3    0    1    2    3    3    0    0    0    3    2    1    1    0    0    2    3    1    3    2    0    3    3    3
  4.257549    0.816741    0.268327    0.039678    8.206337     0    0    1    0    1    1    0    1    0    1    3    0    1    0    1    2    2    3    2    1    2    3    0    3    3    3    1    3    3    2
  4.005092    0.774944    0.236834    0.011954   10.253057     2    3    2    1    3    1    3    3    2    2    0    1    0    0    1    0    2    2    2    1    3    0    0    3    0    2    3    0    1    0
  4.026049    0.774107    0.304239    0.003395   13.950131     0    2    0    1    3    1    3    3    2    2    1    2    3    2    0    3    2    0    3    2    0    1    3    2    3    0    1    0    1    0
  4.072711    0.796859    0.170761    0.003033   15.980915     0    0    1    0    3    1    0    2    0    3    1    2    2    0    1    3    1    0    3    0    0    0    3    1    2    0    1    0    0    2
  4.082840    0.770481    0.448314    0.006276   13.091885     2    3    0    1    1    1    3    3    3    1    3    1    0    2    0    2    2    3    2    1    3    0    1    3    0    2    2    0    1    0
  4.082840    0.770481    0.448314    0.006276   13.091885     2    3    0    1    1    1    3    3    3    1    3    1    0    2    0    2    2    3    2    1    3    0    1    3    0    2    2    0    1    0
  4.134858    0.797763    0.240745    0.025669    8.384856     0    0    0    0    1    0    2    2    0    0    2    3    1    3    3    1    3    2    1    3    0    1    2    3    2    2    1    1    2    2
  4.142536    0.760205    0.669672    0.006676   13.725223     1    0    3    1    1    3    2    3    0    0    3    3    1    3    3    1    2    2    1    2    3    0    0    3    1    1    2    1    2    3
  4.150942    0.785411    0.442767    0.002505   15.980915     0    0    2    1    1    0    2    3    0    0    1    3    1    3    3    1    2    2    1    3    0    0    0    3    3    2    1    1    2    2
  4.150942    0.785411    0.442767    0.002505   15.980915     0    0    2    1    1    0    2    3    0    0    1    3    1    3    3    1    2    2    1    3    0    0    0    3    3    2    1    1    2    2
  4.153635    0.818778    0.113966    0.002761   13.950131     0    3    2    0    0    2    3    2    2    2    3    1    0    0    0    0    2    2    2    3    0    1    0    3    0    0    3    0    1    0
  4.153811    0.796285    0.190343    0.077217    5.796203     3    0    2    0    1    0    2    0    3    0    3    1    0    0    1    0    1    0    3    3    3    2    3    1    2    3    1    2    0    2
  4.167837    0.791272    0.418703    0.002127   15.980915     2    3    3    2    3    0    1    3    2    3    1    2    3    0    1    1    0    0    3    3    0    0    3    2    1    2    1    0    2    2
  4.184611    0.808878    0.245887    0.017279   10.253057     0    0    1    3    3    1    0    1    0    2    1    2    1    0    1    0    2    3    2    1    2    3    0    3    3    0    3    0    3    2
  4.184611    0.808878    0.245887    0.017279   10.253057     0    0    1    3    3    1    0    1    0    2    1    2    1    0    1    0    2    3    2    1    2    3    0    3    3    0    3    0    3    2
  4.198781    0.812329    0.241648    0.016310   10.253057     0    0    2    3    3    1    1    3    0    2    1    2    1    0    1    3    2    0    3    1    2    0    3    3    3    0    3    0    3    2
  4.210605    0.790069    0.429128    0.045698    8.206337     0    0    3    1    1    1    2    1    3    1    0    1    1    0    1    2    3    1    3    1    2    3    0    1    3    3    1    2    3    2
  4.224965    0.818397    0.254298    0.005830   13.091885     2    2    0    2    1    1    3    0    1    2    3    1    0    0    0    3    2    1    1    0    3    0    3    1    3    2    0    3    3    0
  4.233540    0.826900    0.191612    0.003236   15.980915     0    0    2    0    3    0    1    3    0    3    1    2    3    0    1    3    2    0    3    3    0    0    3    1    3    2    1    0    0    2
  4.236346    0.821309    0.241700    0.008949   11.979140     1    2    0    2    1    3    3    0    1    2    3    3    0    0    0    3    2    1    1    0    0    2    3    1    3    2    0    3    3    3
  4.236862    0.808517    0.385127    0.001712   17.503719     1    0    2    0    1    1    2    2    3    0    0    1    0    0    1    2    3    0    3    0    2    3    3    1    3    1    1    0    2    3
  4.257549    0.816741    0.268327    0.039678    8.206337     0    0    1    0    1    1    0    1    0    1    3    0    1    0    1    2    2    3    2    1    2    3    0    3    3    3    1    3    3    2
  4.258299    0.817461    0.329568    0.006210   13.599765     2    2    1    1    2    3    0    0    1    0    1    1    1    0    3    0    1    1    0    0    3    0    2    3    3    3    1    2    0    2
  4.295757    0.824531    0.327370    0.009414   13.455769     1    3    1    0    0    3    0    3    3    0    2    1    3    1    0    3    1    2    2    0    0    3    0    1    3    1    1    1    3    0
  4.334970    0.833863    0.251860    0.039727    8.384856     0    0    0    1    1    0    1    0    1    3    1    1    1    2    3    0    3    0    3    0    0    1    3    2    3    3    2    2    3    2
  4.448645    0.867358    0.145631    0.039039    8.206337     0    0    0    0    1    1    0    0    0    2    3    3    0    0    0    3    2    3    1    1    0    3    0    3    3    2    1    3    3    2
  4.233540    0.826900    0.191612    0.003236   15.980915     0    0    2    0    3    0    1    3    0    3    1    2    3    0    1    3    2    0    3    3    0    0    3    1    3    2    1    0    0    2
  4.234303    0.824147    0.176791    0.025171    8.384856     0    0    2    0    1    0    1    0    2    2    1    1    1    0    0    0    3    2    2    3    0    1    0    2    0    3    3    2    3    2
  4.236346    0.821309    0.241700    0.008949   11.979140     1    2    0    2    1    3    3    0    1    2    3    3    0    0    0    3    2    1    1    0    0    2    3    1    3    2    0    3    3    3
  4.236862    0.808517    0.385127    0.001712   17.503719     1    0    2    0    1    1    2    2    3    0    0    1    0    0    1    2    3    0    3    0    2    3    3    1    3    1    1    0    2    3
  4.236862    0.808517    0.385127    0.001712   17.503719     1    0    2    0    1    1    2    2    3    0    0    1    0    0    1    2    3    0    3    0    2    3    3    1    3    1    1    0    2    3
  4.237585    0.813170    0.335691    0.003888   15.980915     0    0    2    1    1    0    3    3    0    0    1    1    1    0    3    1    2    2    1    1    0    0    0    3    3    2    1    0    1    0
  4.238472    0.820317    0.265703    0.004035   15.980915     0    0    1    0    1    0    1    0    1    3    1    1    1    2    3    0    3    0    3    0    0    1    3    2    2    3    1    0    0    2
  4.257549    0.816741    0.268327    0.039678    8.206337     0    0    1    0    1    1    0    1    0    1    3    0    1    0    1    2    2    3    2    1    2    3    0    3    3    3    1    3    3    2
  4.258299    0.817461    0.329568    0.006210   13.599765     2    2    1    1    2    3    0    0    1    0    1    1    1    0    3    0    1    1    0    0    3    0    2    3    3    3    1    2    0    2
  4.258299    0.817461    0.329568    0.006210   13.599765     2    2    1    1    2    3    0    0    1    0    1    1    1    0    3    0    1    1    0    0    3    0    2    3    3    3    1    2    0    2
  4.270823    0.796345    0.571177    0.003509   15.980915     0    0    2    1    1    0    2    3    0    0    1    3    1    0    1    1    3    1    1    1    2    0    0    3    3    3    1    2    2    2
  4.273995    0.820061    0.174238    0.086569    5.796203     0    0    2    0    3    1    0    0    0    0    1    1    0    0    1    3    1    0    3    3    3    2    3    1    2    3    1    0    0    2
  4.283381    0.828630    0.215255    0.032605    8.384856     0    0    0    0    1    1    0    2    0    0    2    3    1    3    3    1    2    3    1    3    0    3    0    3    2    2    1    1    3    2
  4.293882    0.830333    0.243737    0.020348   10.253057     0    0    0    3    3    1    1    0    1    3    1    2    1    0    1    0    2    0    3    1    2    0    3    3    3    3    2    0    3    2
  4.295757    0.824531    0.327370    0.009414   13.455769     1    3    1    0    0    3    0    3    3    0    2    1    3    1    0    3    1    2    2    0    0    3    0    1    3    1    1    1    3    0
  4.295757    0.824531    0.327370    0.009414   13.455769     1    3    1    0    0    3    0    3    3    0    2    1    3    1    0    3    1    2    2    0    0    3    0    1    3    1    1    1    3    0
  4.295757    0.824531    0.327370    0.009414   13.455769     1    3    1    0    0    3    0    3    3    0    2    1    3    1    0    3    1    2    2    0    0    3    0    1    3    1    1    1    3    0
  4.315218    0.826288    0.338480    0.014541   11.979140     0    2    1    3    3    3    3    1    0    2    3    3    1    0    1    3    2    1    1    0    0    3    3    3    3    0    3    3    3    3
  4.334970    0.833863    0.251860    0.039727    8.384856     0    0    0    1    1    0    1    0    1    3    1    1    1    2    3    0    3    0    3    0    0    1    3    2    3    3    2    2    3    2
  4.334970    0.833863    0.251860    0.039727    8.384856     0    0    0    1    1    0    1    0    1    3    1    1    1    2    3    0    3    0    3    0    0    1    3    2    3    3    2    2    3    2
  4.365500    0.847260    0.240515    0.008941   13.599765     0    2    0    1    1    0    0    0    1    3    1    1    1    0    3    0    1    0    3    0    3    0    2    3    3    3    1    2    0    2
  4.371513    0.852979    0.178740    0.017249   10.253057     0    0    2    3    3    1    1    3    0    2    3    2    0    0    1    3    2    0    3    1    0    0    0    3    3    0    1    3    3    2
  4.396371    0.854401    0.199497    0.024617   10.253057     0    0    1    0    3    1    0    1    0    2    1    2    1    0    1    3    1    3    3    1    0    0    0    3    3    0    3    0    0    2
  4.448645    0.867358    0.145631    0.039039    8.206337     0    0    0    0    1    1    0    0    0    2    3    3    0    0    0    3    2    3    1    1    0    3    0    3    3    2    1    3    3    2
  4.448645    0.867358    0.145631    0.039039    8.206337     0    0    0    0    1    1    0    0    0    2    3    3    0    0    0    3    2    3    1    1    0    3    0    3    3    2    1    3    3    2
  4.315218    0.826288    0.338480    0.014541   11.979140     0    2    1    3    3    3    3    1    0    2    3    3    1    0    1    3    2    1    1    0    0    3    3    3    3    0    3    3    3    3
  4.315218    0.826288    0.338480    0.014541   11.979140     0    2    1    3    3    3    3    1    0    2    3    3    1    0    1    3    2    1    1    0    0    3    3    3    3    0    3    3    3    3
  4.320532    0.838324    0.195821    0.031001    8.384856     0    2    1    0    2    3    0    0    1    0    1    1    1    0    0    0    1    2    2    0    3    1    0    3    3    3    3    2    3    2
  4.327238    0.803948    0.603744    0.005626   15.980915     1    3    1    0    1    0    0    0    3    0    1    1    3    1    3    3    1    2    3    0    0    1    3    1    2    3    1    1    0    2
  4.334970    0.833863    0.251860    0.039727    8.384856     0    0    0    1    1    0    1    0    1    3    1    1    1    2    3    0    3    0    3    0    0    1    3    2    3    3    2    2    3    2
  4.334970    0.833863    0.251860    0.039727    8.384856     0    0    0    1    1    0    1    0    1    3    1    1    1    2    3    0    3    0    3    0    0    1    3    2    3    3    2    2    3    2
  4.334970    0.833863    0.251860    0.039727    8.384856     0    0    0    1    1    0    1    0    1    3    1    1    1    2    3    0    3    0    3    0    0    1    3    2    3    3    2    2    3    2
  4.365500    0.847260    0.240515    0.008941   13.599765     0    2    0    1    1    0    0    0    1    3    1    1    1    0    3    0    1    0    3    0    3    0    2    3    3    3    1    2    0    2
  4.365500    0.847260    0.240515    0.008941   13.599765     0    2    0    1    1    0    0    0    1    3    1    1    1    0    3    0    1    0    3    0    3    0    2    3    3    3    1    2    0    2
  4.371513    0.852979    0.178740    0.017249   10.253057     0    0    2    3    3    1    1    3    0    2    3    2    0    0    1    3    2    0    3    1    0    0    0    3    3    0    1    3    3    2
  4.371513    0.852979    0.178740    0.017249   10.253057     0    0    2    3    3    1    1    3    0    2    3    2    0    0    1    3    2    0    3    1    0    0    0    3    3    0    1    3    3    2
  4.372095    0.813040    0.580568    0.016612   11.979140     1    2    1    3    1    1    3    1    3    2    0    1    0    0    1    3    3    1    1    0    2    3    3    1    3    0    1    3    3    3
  4.374645    0.845130    0.211295    0.043347    8.384856     0    0    1    3    1    0    3    1    0    3    1    1    1    0    3    0    2    0    3    0    0    3    3    2    3    3    3    2    3    3
  4.383400    0.832391    0.437691    0.002599   17.503719     1    3    2    0    1    3    2    3    3    0    0    1    3    0    0    3    1    0    3    0    2    3    3    1    3    1    1    1    2    3
  4.396371    0.854401    0.199497    0.024617   10.253057     0    0    1    0    3    1    0    1    0    2    1    2    1    0    1    3    1    3    3    1    0    0    0    3    3    0    3    0    0    2
  4.414237    0.856630    0.212513    0.024832   10.253057     0    0    1    0    3    1    0    1    0    2    1    2    1    0    1    1    1    3    3    1    0    0    0    3    3    0    3    0    0    2
  4.417866    0.857342    0.181672    0.040320    8.206337     0    0    0    0    1    1    0    2    0    0    3    3    0    3    3    1    2    3    1    3    0    3    0    3    3    2    1    1    3    2
  4.424258    0.856213    0.203011    0.041688    8.206337     0    0    0    0    1    1    0    2    0    0    3    3    1    3    3    1    2    3    1    3    0    3    0    3    3    2    1    3    3    2
  4.440758    0.853975    0.335955    0.002906   17.503719     1    0    1    0    0    1    2    2    3    0    0    1    3    0    1    2    1    0    3    0    0    3    0    1    3    1    1    1    3    0
  4.448645    0.867358    0.145631    0.039039    8.206337     0    0    0    0    1    1    0    0    0    2    3    3    0    0    0    3    2    3    1    1    0    3    0    3    3    2    1    3    3    2
  4.448645    0.867358    0.145631    0.039039    8.206337     0    0    0    0    1    1    0    0    0    2    3    3    0    0    0    3    2    3    1    1    0    3    0    3    3    2    1    3    3    2
  4.448645    0.867358    0.145631    0.039039    8.206337     0    0    0    0    1    1    0    0    0    2    3    3    0    0    0    3    2    3    1    1    0    3    0    3    3    2    1    3    3    2
  4.455054    0.859279    0.213850    0.051732    8.206337     0    0    1    0    1    1    0    0    0    1    3    3    1    0    0    3    2    3    1    1    0    3    0    3    3    3    1    3    3    2
  4.477623    0.832076    0.627323    0.003581   15.980915     0    0    1    1    1    3    2    3    0    0    1    1    1    1    0    1    3    1    2    0    2    0    0    1    3    1    1    2    2    2
  4.550826    0.884377    0.238903    0.009488   13.599765     2    0    0    3    3    3    1    0    1    0    1    1    1    0    3    0    1    0    3    0    2    0    3    3    3    3    1    0    3    2
  4.414237    0.856630    0.212513    0.024832   10.253057     0    0    1    0    3    1    0    1    0    2    1    2    1    0    1    1    1    3    3    1    0    0    0    3    3    0    3    0    0    2
  4.414237    0.856630    0.212513    0.024832   10.253057     0    0    1    0    3    1    0    1    0    2    1    2    1    0    1    1    1    3    3    1    0    0    0    3    3    0    3    0    0    2
  4.414438    0.845202    0.283940    0.046458    8.384856     0    0    0    1    1    1    0    0    1    3    3    1    1    2    3    0    2    3    1    3    0    1    0    3    3    3    1    1    3    2
  4.417866    0.857342    0.181672    0.040320    8.206337     0    0    0    0    1    1    0    2    0    0    3    3    0    3    3    1    2    3    1    3    0    3    0    3    3    2    1    1    3    2
  4.417866    0.857342    0.181672    0.040320    8.206337     0    0    0    0    1    1    0    2    0    0    3    3    0    3    3    1    2    3    1    3    0    3    0    3    3    2    1    1    3    2
  4.424258    0.856213    0.203011    0.041688    8.206337     0    0    0    0    1    1    0    2    0    0    3    3    1    3    3    1    2    3    1    3    0    3    0    3    3    2    1    3    3    2
  4.424258    0.856213    0.203011    0.041688    8.206337     0    0    0    0    1    1    0    2    0    0    3    3    1    3    3    1    2    3    1    3    0    3    0    3    3    2    1    3    3    2
  4.425392    0.860125    0.156832    0.046352    8.384856     0    0    0    3    1    0    3    0    0    3    1    1    1    0    3    0    3    0    3    0    0    3    3    2    3    3    3    2    3    3
  4.440758    0.853975    0.335955    0.002906   17.503719     1    0    1    0    0    1    2    2    3    0    0    1    3    0    1    2    1    0    3    0    0    3    0    1    3    1    1    1    3    0
  4.440758    0.853975    0.335955    0.002906   17.503719     1    0    1    0    0    1    2    2    3    0    0    1    3    0    1    2    1    0    3    0    0    3    0    1    3    1    1    1    3    0
  4.441181    0.851178    0.305469    0.032558   10.253057     0    0    1    3    1    1    3    1    0    3    1    1    1    0    1    1    2    0    3    1    0    0    3    3    3    0    3    0    3    3
  4.448645    0.867358    0.145631    0.039039    8.206337     0    0    0    0    1    1    0    0    0    2    3    3    0    0    0    3    2    3    1    1    0    3    0    3    3    2    1    3    3    2
  4.448645    0.867358    0.145631    0.039039    8.206337     0    0    0    0    1    1    0    0    0    2    3    3    0    0    0    3    2    3    1    1    0    3    0    3    3    2    1    3    3    2
  4.448645    0.867358    0.145631    0.039039    8.206337     0    0    0    0    1    1    0    0    0    2    3    3    0    0    0    3    2    3    1    1    0    3    0    3    3    2    1    3    3    2
  4.448645    0.867358    0.145631    0.039039    8.206337     0    0    0    0    1    1    0    0    0    2    3    3    0    0    0    3    2    3    1    1    0    3    0    3    3    2    1    3    3    2
  4.448645    0.867358    0.145631    0.039039    8.206337     0    0    0    0    1    1    0    0    0    2    3    3    0    0    0    3    2    3    1    1    0    3    0    3    3    2    1    3    3    2
  4.455054    0.859279    0.213850    0.051732    8.206337     0    0    1    0    1    1    0    0    0    1    3    3    1    0    0    3    2    3    1    1    0    3    0    3    3    3    1    3    3    2
  4.455054    0.859279    0.213850    0.051732    8.206337     0    0    1    0    1    1    0    0    0    1    3    3    1    0    0    3    2    3    1    1    0    3    0    3    3    3    1    3    3    2
  4.475747    0.860971    0.336008    0.002886   17.503719     1    3    2    0    1    1    0    0    0    0    0    1    3    0    0    3    1    3    3    0    2    3    0    1    3    1    1    1    2    2
  4.477623    0.832076    0.627323    0.003581   15.980915     0    0    1    1    1    3    2    3    0    0    1    1    1    1    0    1    3    1    2    0    2    0    0    1    3    1    1    2    2    2
  4.477623    0.832076    0.627323    0.003581   15.980915     0    0    1    1    1    3    2    3    0    0    1    1    1    1    0    1    3    1    2    0    2    0    0    1    3    1    1    2    2    2
  4.496182    0.792183    1.061359    0.004589   15.980915     1    3    1    3    1    0    3    1    3    2    0    1    3    1    3    3    1    2    1    0    2    1    3    1    2    3    1    0    3    3
  4.497243    0.854022    0.433059    0.010604   13.599765     2    0    1    3    3    3    3    1    0    0    1    3    1    0    1    3    1    1    3    0    2    0    3    3    3    3    1    0    3    2
  4.550826    0.884377    0.238903    0.009488   13.599765     2    0    0    3    3    3    1    0    1    0    1    1    1    0    3    0    1    0    3    0    2    0    3    3    3    3    1    0    3    2
  4.550826    0.884377    0.238903    0.009488   13.599765     2    0    0    3    3    3    1    0    1    0    1    1    1    0    3    0    1    0    3    0    2    0    3    3    3    3    1    0    3    2
  4.448645    0.867358    0.145631    0.039039    8.206337     0    0    0    0    1    1    0    0    0    2    3    3    0    0    0    3    2    3    1    1    0    3    0    3    3    2    1    3    3    2
  4.448645    0.867358    0.145631    0.039039    8.206337     0    0    0    0    1    1    0    0    0    2    3    3    0    0    0    3    2    3    1    1    0    3    0    3    3    2    1    3    3    2
  4.455054    0.859279    0.213850    0.051732    8.206337     0    0    1    0    1    1    0    0    0    1    3    3    1    0    0    3    2    3    1    1    0    3    0    3    3    3    1    3    3    2
  4.455054    0.859279    0.213850    0.051732    8.206337     0    0    1    0    1    1    0    0    0    1    3    3    1    0    0    3    2    3    1    1    0    3    0    3    3    3    1    3    3    2
  4.455054    0.859279    0.213850    0.051732    8.206337     0    0    1    0    1    1    0    0    0    1    3    3    1    0    0    3    2    3    1    1    0    3    0    3    3    3    1    3    3    2
  4.456293    0.871305    0.125054    0.037244    8.206337     1    0    2    0    1    1    0    0    0    0    0    3    0    0    0    3    2    3    3    0    0    3    0    3    3    2    1    3    3    2
  4.466665    0.866947    0.158587    0.052634    8.384856     0    0    1    0    1    0    3    1    0    3    1    1    1    0    1    0    3    0    3    0    0    0    0    3    3    3    3    0    0    2
  4.475747    0.860971    0.336008    0.002886   17.503719     1    3    2    0    1    1    0    0    0    0    0    1    3    0    0    3    1    3    3    0    2    3    0    1    3    1    1    1    2    2
  4.475747    0.860971    0.336008    0.002886   17.503719     1    3    2    0    1    1    0    0    0    0    0    1    3    0    0    3    1    3    3    0    2    3    0    1    3    1    1    1    2    2
  4.477623    0.832076    0.627323    0.003581   15.980915     0    0    1    1    1    3    2    3    0    0    1    1    1    1    0    1    3    1    2    0    2    0    0    1    3    1    1    2    2    2
  4.477623    0.832076    0.627323    0.003581   15.980915     0    0    1    1    1    3    2    3    0    0    1    1    1    1    0    1    3    1    2    0    2    0    0    1    3    1    1    2    2    2
  4.477623    0.832076    0.627323    0.003581   15.980915     0    0    1    1    1    3    2    3    0    0    1    1    1    1    0    1    3    1    2    0    2    0    0    1    3    1    1    2    2    2
  4.481535    0.857666    0.327345    0.029534   10.253057     0    0    1    3    1    3    3    3    0    0    1    1    1    0    0    1    3    1    2    1    2    0    3    3    3    1    1    0    3    3
  4.486947    0.868221    0.191595    0.050042    8.206337     0    0    0    3    1    0    3    0    0    0    1    3    1    3    3    1    2    3    1    0    0    3    0    3    3    3    3    1    3    2
  4.487347    0.874411    0.145616    0.042484    8.206337     0    0    0    0    1    1    0    0    0    2    3    3    0    0    0    3    2    3    1    1    0    3    0    3    3    3    1    3    3    2
  4.490865    0.878235    0.181240    0.009071   13.599765     0    0    0    3    3    1    0    1    0    0    1    2    1    0    3    1    1    0    3    0    2    0    0    3    3    3    1    0    3    2
  4.496182    0.792183    1.061359    0.004589   15.980915     1    3    1    3    1    0    3    1    3    2    0    1    3    1    3    3    1    2    1    0    2    1    3    1    2    3    1    0    3    3
  4.496182    0.792183    1.061359    0.004589   15.980915     1    3    1    3    1    0    3    1    3    2    0    1    3    1    3    3    1    2    1    0    2    1    3    1    2    3    1    0    3    3
  4.497243    0.854022    0.433059    0.010604   13.599765     2    0    1    3    3    3    3    1    0    0    1    3    1    0    1    3    1    1    3    0    2    0    3    3    3    3    1    0    3    2
  4.497243    0.854022    0.433059    0.010604   13.599765     2    0    1    3    3    3    3    1    0    0    1    3    1    0    1    3    1    1    3    0    2    0    3    3    3    3    1    0    3    2
  4.506739    0.875774    0.159598    0.048072    8.206337     0    0    1    0    3    1    0    0    0    2    3    3    0    0    0    1    1    3    1    1    0    3    0    3    3    0    3    3    3    2
  4.550826    0.884377    0.238903    0.009488   13.599765     2    0    0    3    3    3    1    0    1    0    1    1    1    0    3    0    1    0    3    0    2    0    3    3    3    3    1    0    3    2
  4.550826    0.884377    0.238903    0.009488   13.599765     2    0    0    3    3    3    1    0    1    0    1    1    1    0    3    0    1    0    3    0    2    0    3    3    3    3    1    0    3    2
  4.550826    0.884377    0.238903    0.009488   13.599765     2    0    0    3    3    3    1    0    1    0    1    1    1    0    3    0    1    0    3    0    2    0    3    3    3    3    1    0    3    2
  4.596921    0.897689    0.199612    0.008669   13.599765     2    0    0    0    3    1    2    0    1    0    0    1    3    0    3    0    1    0    3    0    0    3    3    1    3    1    1    1    3    2
  4.486863    0.878583    0.173282    0.007310   13.599765     2    0    0    3    3    3    0    1    0    0    1    2    1    0    3    3    1    0    3    0    2    0    0    3    3    3    1    0    3    2
  4.486947    0.868221    0.191595    0.050042    8.206337     0    0    0    3    1    0    3    0    0    0    1    3    1    3    3    1    2    3    1    0    0    3    0    3    3    3    3    1    3    2
  4.486947    0.868221    0.191595    0.050042    8.206337     0    0    0    3    1    0    3    0    0    0    1    3    1    3    3    1    2    3    1    0    0    3    0    3    3    3    3    1    3    2
  4.487347    0.874411    0.145616    0.042484    8.206337     0    0    0    0    1    1    0    0    0    2    3    3    0    0    0    3    2    3    1    1    0    3    0    3    3    3    1    3    3    2
  4.487347    0.874411    0.145616    0.042484    8.206337     0    0    0    0    1    1    0    0    0    2    3    3    0    0    0    3    2    3    1    1    0    3    0    3    3    3    1    3    3    2
  4.490865    0.878235    0.181240    0.009071   13.599765     0    0    0    3    3    1    0    1    0    0    1    2    1    0    3    1    1    0    3    0    2    0    0    3    3    3    1    0    3    2
  4.490865    0.878235    0.181240    0.009071   13.599765     0    0    0    3    3    1    0    1    0    0    1    2    1    0    3    1    1    0    3    0    2    0    0    3    3    3    1    0    3    2
  4.496182    0.792183    1.061359    0.004589   15.980915     1    3    1    3    1    0    3    1    3    2    0    1    3    1    3    3    1    2    1    0    2    1    3    1    2    3    1    0    3    3
  4.496182    0.792183    1.061359    0.004589   15.980915     1    3    1    3    1    0    3    1    3    2    0    1    3    1    3    3    1    2    1    0    2    1    3    1    2    3    1    0    3    3
  4.496182    0.792183    1.061359    0.004589   15.980915     1    3    1    3    1    0    3    1    3    2    0    1    3    1    3    3    1    2    1    0    2    1    3    1    2    3    1    0    3    3
  4.497243    0.854022    0.433059    0.010604   13.599765     2    0    1    3    3    3    3    1    0    0    1    3    1    0    1    3    1    1    3    0    2    0    3    3    3    3    1    0    3    2
  4.497243    0.854022    0.433059    0.010604   13.599765     2    0    1    3    3    3    3    1    0    0    1    3    1    0    1    3    1    1    3    0    2    0    3    3    3    3    1    0    3    2
  4.497243    0.854022    0.433059    0.010604   13.599765     2    0    1    3    3    3    3    1    0    0    1    3    1    0    1    3    1    1    3    0    2    0    3    3    3    3    1    0    3    2
  4.500308    0.862558    0.349448    0.012793   13.599765     0    0    0    3    3    3    1    1    1    0    1    1    1    0    3    1    1    0    3    0    2    0    3    3    3    3    1    0    3    2
  4.506739    0.875774    0.159598    0.048072    8.206337     0    0    1    0    3    1    0    0    0    2    3    3    0    0    0    1    1    3    1    1    0    3    0    3    3    0    3    3    3    2
  4.506739    0.875774    0.159598    0.048072    8.206337     0    0    1    0    3    1    0    0    0    2    3    3    0    0    0    1    1    3    1    1    0    3    0    3    3    0    3    3    3    2
  4.522003    0.845892    0.575362    0.004862   15.980915     2    3    1    3    1    0    2    0    1    0    0    1    3    1    3    3    1    0    3    0    0    3    3    1    2    3    1    1    3    3
  4.540793    0.880344    0.259430    0.009358   13.599765     2    0    1    0    1    3    0    1    0    2    1    3    0    0    0    3    1    3    3    1    0    3    0    3    3    3    1    3    3    2
  4.550826    0.884377    0.238903    0.009488   13.599765     2    0    0    3    3    3    1    0    1    0    1    1    1    0    3    0    1    0    3    0    2    0    3    3    3    3    1    0    3    2
  4.550826    0.884377    0.238903    0.009488   13.599765     2    0    0    3    3    3    1    0    1    0    1    1    1    0    3    0    1    0    3    0    2    0    3    3    3    3    1    0    3    2
  4.550826    0.884377    0.238903    0.009488   13.599765     2    0    0    3    3    3    1    0    1    0    1    1    1    0    3    0    1    0    3    0    2    0    3    3    3    3    1    0    3    2
  4.550826    0.884377    0.238903    0.009488   13.599765     2    0    0    3    3    3    1    0    1    0    1    1    1    0    3    0    1    0    3    0    2    0    3    3    3    3    1    0    3    2
  4.596921    0.897689    0.199612    0.008669   13.599765     2    0    0    0    3    1    2    0    1    0    0    1    3    0    3    0    1    0    3    0    0    3    3    1    3    1    1    1    3    2
  4.596921    0.897689    0.199612    0.008669   13.599765     2    0    0    0    3    1    2    0    1    0    0    1    3    0    3    0    1    0    3    0    0    3    3    1    3    1    1    1    3    2
  4.639548    0.849538    0.777400    0.003157   15.980915     2    0    1    3    1    3    2    1    0    0    1    3    1    0    1    1    1    1    2    0    2    0    3    3    3    3    1    0    2    2
  4.506739    0.875774    0.159598    0.048072    8.206337     0    0    1    0    3    1    0    0    0    2    3    3    0    0    0    1    1    3    1    1    0    3    0    3    3    0    3    3    3    2
  4.506739    0.875774    0.159598    0.048072    8.206337     0    0    1    0    3    1    0    0    0    2    3    3    0    0    0    1    1    3    1    1    0    3    0    3    3    0    3    3    3    2
  4.511327    0.882163    0.182988    0.009020   13.599765     0    0    0    3    3    1    1    1    0    0    1    2    1    0    3    0    1    0    3    0    2    0    0    3    3    3    1    0    3    2
  4.522003    0.845892    0.575362    0.004862   15.980915     2    3    1    3    1    0    2    0    1    0    0    1    3    1    3    3    1    0    3    0    0    3    3    1    2    3    1    1    3    3
  4.522003    0.845892    0.575362    0.004862   15.980915     2    3    1    3    1    0    2    0    1    0    0    1    3    1    3    3    1    0    3    0    0    3    3    1    2    3    1    1    3    3
  4.526460    0.880933    0.225439    0.009078   13.599765     2    0    0    3    3    1    0    1    1    0    0    2    3    0    3    0    1    0    3    0    0    3    3    3    3    1    1    1    3    2
  4.526660    0.876260    0.271053    0.009835   13.599765     2    0    0    3    3    3    1    1    0    0    1    3    1    0    3    3    1    0    3    0    2    0    3    3    3    3    1    0    3    2
  4.540793    0.880344    0.259430    0.009358   13.599765     2    0    1    0    1    3    0    1    0    2    1    3    0    0    0    3    1    3    3    1    0    3    0    3    3    3    1    3    3    2
  4.540793    0.880344    0.259430    0.009358   13.599765     2    0    1    0    1    3    0    1    0    2    1    3    0    0    0    3    1    3    3    1    0    3    0    3    3    3    1    3    3    2
  4.548997    0.861884    0.452801    0.013175   13.599765     0    0    1    3    3    3    1    1    0    0    1    3    1    0    1    1    1    1    3    0    2    0    3    3    3    3    1    0    3    2
  4.550826    0.884377    0.238903    0.009488   13.599765     2    0    0    3    3    3    1    0    1    0    1    1    1    0    3    0    1    0    3    0    2    0    3    3    3    3    1    0    3    2
  4.550826    0.884377    0.238903    0.009488   13.599765     2    0    0    3    3    3    1    0    1    0    1    1    1    0    3    0    1    0    3    0    2    0    3    3    3    3    1    0    3    2
  4.550826    0.884377    0.238903    0.009488   13.599765     2    0    0    3    3    3    1    0    1    0    1    1    1    0    3    0    1    0    3    0    2    0    3    3    3    3    1    0    3    2
  4.550826    0.884377    0.238903    0.009488   13.599765     2    0    0    3    3    3    1    0    1    0    1    1    1    0    3    0    1    0    3    0    2    0    3    3    3    3    1    0    3    2
  4.550826    0.884377    0.238903    0.009488   13.599765     2    0    0    3    3    3    1    0    1    0    1    1    1    0    3    0    1    0    3    0    2    0    3    3    3    3    1    0    3    2
  4.550826    0.884377    0.238903    0.009488   13.599765     2    0    0    3    3    3    1    0    1    0    1    1    1    0    3    0    1    0    3    0    2    0    3    3    3    3    1    0    3    2
  4.550826    0.884377    0.238903    0.009488   13.599765     2    0    0    3    3    3    1    0    1    0    1    1    1    0    3    0    1    0    3    0    2    0    3    3    3    3    1    0    3    2
  4.554570    0.886560    0.220611    0.011466   13.599765     2    0    0    0    3    1    1    0    1    0    1    1    1    0    3    0    1    0    3    0    0    0    3    3    3    1    1    0    3    2
  4.561889    0.862829    0.469875    0.012806   13.599765     1    3    0    0    1    1    3    1    3    0    0    1    3    0    3    3    1    2    1    0    0    3    3    1    3    3    1    1    3    2
  4.586775    0.888310    0.266927    0.011760   13.599765     2    0    0    0    3    1    1    0    1    0    1    1    1    0    3    0    1    0    3    0    0    0    3    1    3    3    1    1    3    2
  4.596921    0.897689    0.199612    0.008669   13.599765     2    0    0    0    3    1    2    0    1    0    0    1    3    0    3    0    1    0    3    0    0    3    3    1    3    1    1    1    3    2
  4.596921    0.897689    0.199612    0.008669   13.599765     2    0    0    0    3    1    2    0    1    0    0    1    3    0    3    0    1    0    3    0    0    3    3    1    3    1    1    1    3    2
  4.596921    0.897689    0.199612    0.008669   13.599765     2    0    0    0    3    1    2    0    1    0    0    1    3    0    3    0    1    0    3    0    0    3    3    1    3    1    1    1    3    2
  4.639548    0.849538    0.777400    0.003157   15.980915     2    0    1    3    1    3    2    1    0    0    1    3    1    0    1    1    1    1    2    0    2    0    3    3    3    3    1    0    2    2
  4.639548    0.849538    0.777400    0.003157   15.980915     2    0    1    3    1    3    2    1    0    0    1    3    1    0    1    1    1    1    2    0    2    0    3    3    3    3    1    0    2    2
