  5.232949    0.469207    1.080021    0.000874   17.645503     2    0    0    1    2    2    3    1    1    2    0    1    0    3    2    2    2    2    3    3    1    3    2    2    0    3    0    2    2    2
  5.789755    0.546847    0.641108    0.000727   18.413807     1    1    3    1    3    1    2    1    2    0    2    1    0    2    3    2    0    0    0    1    2    3    2    2    0    3    2    0    0    2
  6.252237    0.604481    0.412453    0.001201   16.034526     0    2    2    0    3    3    2    1    3    0    0    2    3    2    2    2    2    1    0    2    2    1    0    2    0    3    1    0    1    1
  6.255431    0.499001    2.529149    0.000847   18.664090     1    2    2    1    2    1    2    2    1    0    1    1    1    3    1    1    0    2    1    2    3    1    2    3    1    3    0    2    1    3
  6.467455    0.599292    0.947671    0.000698   19.202288     2    3    3    0    1    2    1    1    2    3    2    0    2    2    3    3    2    1    3    1    3    1    0    0    0    3    1    2    0    3
  6.624934    0.644924    0.345815    0.002784   13.143544     2    3    2    1    2    2    2    2    2    3    1    0    0    1    1    0    2    2    2    0    0    1    0    3    2    1    0    3    2    3
  6.763063    0.658520    0.340896    0.007412   11.370755     3    0    1    3    1    0    1    2    3    0    0    2    2    3    2    2    2    2    3    0    2    1    2    2    1    3    1    3    0    3
  6.973476    0.657733    0.790980    0.000658   19.688182     3    0    2    2    2    1    2    2    1    1    1    1    3    0    1    1    3    0    0    3    0    0    3    1    1    1    2    2    1    2
  7.036083    0.689025    0.281865    0.004903   11.820785     2    3    3    2    0    0    0    2    2    2    2    0    1    0    2    0    1    3    2    1    3    2    2    3    3    3    1    2    3    0
  7.083662    0.694589    0.268373    0.003585   12.999601     2    3    2    3    2    2    3    1    0    1    2    1    3    0    0    0    3    1    0    1    2    2    2    0    0    3    2    2    3    3
  7.180439    0.698965    0.343915    0.018830    9.384415     0    0    3    1    3    1    2    1    3    2    0    2    1    1    2    2    3    0    2    3    2    3    1    3    3    3    2    2    0    0
  7.192749    0.660247    1.178953    0.000801   18.467291     3    1    0    2    1    2    3    1    2    2    0    3    3    3    2    0    1    3    2    2    2    0    3    3    1    3    1    0    1    2
  7.207532    0.698274    0.242882    0.103347    4.742431     1    2    1    2    0    2    2    0    2    3    3    1    1    3    3    0    2    2    3    0    1    0    1    1    2    3    3    0    0    0
  7.238717    0.698701    0.417606    0.042904    7.089589     0    3    1    1    2    0    2    1    2    3    3    2    1    1    1    3    1    2    2    3    2    0    2    1    0    1    2    2    1    1
  7.256820    0.711884    0.226579    0.024694    7.847751     2    1    2    3    1    1    2    0    0    0    0    1    3    2    0    3    2    3    2    1    3    2    2    2    0    2    0    2    0    0
  7.278351    0.715152    0.249818    0.001921   15.656124     2    2    0    0    0    3    0    0    0    2    2    3    1    0    3    1    1    0    1    1    0    2    1    2    2    0    3    2    2    0
  7.286021    0.702744    0.515924    0.000621   19.223438     3    2    3    0    3    2    2    0    0    1    2    0    3    0    0    3    2    3    2    2    1    1    3    2    3    0    1    1    2    1
  7.396636    0.729199    0.200750    0.004267   13.132195     0    3    2    0    1    2    0    3    0    0    2    0    3    3    1    3    2    1    2    3    2    3    0    1    2    2    0    3    0    3
  7.421143    0.662862    1.583020    0.001011   19.849988     1    0    3    3    1    2    0    1    3    2    3    2    1    3    0    2    3    1    3    2    3    1    1    3    2    0    3    2    3    3
  7.454748    0.726497    0.328527    0.025518    8.027965     1    1    3    2    2    2    2    0    1    2    0    1    2    3    1    3    1    0    0    1    3    1    0    2    2    2    2    0    2    3
  7.480250    0.732798    0.274140    0.015202    8.869710     2    2    2    2    3    2    1    1    3    3    0    0    1    2    1    2    0    2    2    1    2    0    1    0    1    0    2    0    1    0
  7.528968    0.740235    0.207345    0.022946    7.760119     2    1    2    1    2    1    2    2    3    0    2    2    0    0    0    3    0    2    2    3    3    3    3    1    2    0    0    2    0    3
  7.715605    0.748677    0.259331    0.099167    5.575106     3    3    0    2    3    3    2    1    1    0    1    1    0    2    3    3    0    1    3    2    3    0    1    0    3    3    1    3    0    1
  7.716835    0.748865    0.187833    0.134273    4.247114     0    3    3    2    2    0    3    3    0    3    1    2    1    0    0    0    1    0    0    3    2    1    0    1    0    2    0    3    3    2
  7.745472    0.751395    0.192945    0.135051    4.478889     3    1    0    0    1    0    3    3    2    1    0    3    0    3    2    3    0    1    3    0    3    0    3    2    0    0    0    2    2    1
  7.837764    0.762354    0.376213    0.026113    8.724706     1    3    2    2    1    1    1    2    3    1    0    3    3    0    3    2    0    3    2    0    0    3    2    1    1    3    1    2    2    1
  7.849895    0.775708    0.177917    0.003856   13.132489     2    1    2    3    0    1    0    3    2    0    3    0    2    0    2    1    2    2    0    0    1    3    0    1    0    0    2    3    0    1
  7.871409    0.762176    0.497678    0.000811   18.928768     1    1    3    3    2    1    0    3    1    2    0    3    3    2    3    0    1    3    2    0    1    0    0    2    0    2    3    0    3    2
  7.918185    0.754666    0.740043    0.001499   18.677044     3    3    3    0    2    1    2    0    2    3    1    1    1    0    1    0    2    1    3    3    1    3    1    0    0    1    0    2    2    3
  7.942296    0.773906    0.342138    0.032163    8.660667     3    3    1    2    1    0    1    0    3    0    1    3    0    3    2    1    3    3    3    2    2    0    2    1    1    1    0    3    2    1
  7.945814    0.777731    0.216542    0.060231    6.519962     2    2    3    2    0    1    3    0    0    3    1    1    2    2    3    3    0    1    3    0    1    3    0    0    3    1    0    0    3    1
  7.983794    0.781806    0.269993    0.030737    8.646056     0    0    3    0    3    1    1    0    1    2    1    0    1    3    1    2    2    3    3    3    1    1    2    0    0    2    1    2    0    0
  7.984030    0.771620    0.512671    0.011497   11.551480     2    0    1    1    0    1    3    3    0    1    3    3    3    2    2    1    1    1    1    3    0    2    2    3    1    0    2    3    3    2
  8.018196    0.781131    0.411384    0.001189   17.278655     2    1    1    2    2    0    3    0    3    0    3    1    2    3    1    0    0    2    0    3    1    0    2    1    2    0    3    2    1    1
  8.018231    0.781102    0.199839    0.107293    5.217760     0    0    0    3    1    1    0    0    0    3    2    0    1    1    2    3    0    3    3    3    3    2    3    1    0    1    2    1    0    3
  8.045078    0.787782    0.288221    0.023149    8.955707     2    0    3    1    1    2    2    1    3    1    1    2    0    2    0    3    0    1    1    3    0    3    0    2    3    2    0    3    3    1
  8.055513    0.786551    0.357744    0.011135   11.045977     0    1    0    2    0    1    3    2    1    2    1    1    3    0    3    2    0    3    1    3    2    3    1    2    1    3    2    0    3    2
  8.064387    0.788128    0.259065    0.053573    7.147466     0    0    0    3    0    1    1    0    1    3    1    2    0    3    1    3    3    1    3    2    2    3    2    2    3    1    0    3    3    2
  8.131405    0.799448    0.269204    0.002324   16.511345     3    3    3    0    1    3    0    1    1    0    2    0    2    0    1    2    3    0    0    0    2    2    1    3    1    0    0    1    0    1
  8.141389    0.808977    0.095890    0.003670   13.700068     3    2    0    0    1    2    2    3    3    0    0    0    3    0    0    2    3    2    0    0    0    1    0    2    0    0    3    2    1    0
  8.202083    0.807159    0.246701    0.007142   13.296300     3    1    2    3    0    3    0    0    3    3    0    1    0    3    2    2    1    0    0    2    3    2    1    3    3    3    1    3    0    0
  8.228887    0.803892    0.209391    0.085270    6.130560     1    3    3    2    3    0    0    3    0    1    0    0    1    3    0    3    0    0    1    2    0    1    3    1    1    1    2    1    0    0
  8.272121    0.812019    0.288755    0.007554   13.232166     3    1    1    3    1    3    3    2    0    0    0    0    1    2    1    1    3    2    0    3    3    0    0    3    2    2    3    1    0    0
  8.328957    0.825336    0.123910    0.013643   10.459439     0    0    1    0    2    1    0    2    1    0    0    3    3    1    0    0    0    2    0    2    2    0    1    0    3    0    1    2    0    3
  8.349960    0.821435    0.264667    0.003275   15.618560     0    1    2    0    3    3    1    1    0    0    0    3    0    0    3    3    0    1    0    2    0    3    3    2    2    2    2    2    1    1
  8.385527    0.831789    0.120290    0.007491   11.672405     2    3    0    3    0    3    3    3    0    0    0    0    0    2    2    0    2    1    2    0    3    2    0    0    1    3    3    2    1    0
  8.388951    0.824439    0.242558    0.023280    9.141828     0    2    0    1    3    0    3    2    0    1    2    3    3    0    3    2    1    0    2    1    1    3    0    0    1    2    1    3    1    3
  8.457418    0.833158    0.226159    0.012762   11.589006     2    0    3    3    0    0    3    1    0    1    1    3    1    0    3    0    3    2    3    3    0    0    2    2    0    3    3    1    3    2
  8.517558    0.826935    0.486753    0.004832   13.974862     3    2    1    2    0    1    3    2    2    2    1    0    0    1    1    3    1    1    0    3    3    1    1    0    0    0    1    2    1    3
  8.595517    0.839873    0.390067    0.001755   17.727393     2    0    0    1    1    0    3    3    3    2    2    2    0    0    0    2    3    1    1    3    1    0    1    3    1    0    3    3    2    0
  7.830960    0.749470    0.669463    0.001526   18.677044     3    3    3    0    0    1    2    0    2    3    3    1    1    2    2    1    1    1    1    3    0    3    2    0    1    0    0    3    3    3
  7.837764    0.762354    0.376213    0.026113    8.724706     1    3    2    2    1    1    1    2    3    1    0    3    3    0    3    2    0    3    2    0    0    3    2    1    1    3    1    2    2    1
  7.847911    0.772057    0.213082    0.020798    8.660667     3    2    3    2    1    2    1    0    0    0    1    0    0    0    0    3    3    3    2    2    2    0    2    2    3    1    0    1    2    1
  7.849895    0.775708    0.177917    0.003856   13.132489     2    1    2    3    0    1    0    3    2    0    3    0    2    0    2    1    2    2    0    0    1    3    0    1    0    0    2    3    0    1
  7.871409    0.762176    0.497678    0.000811   18.928768     1    1    3    3    2    1    0    3    1    2    0    3    3    2    3    0    1    3    2    0    1    0    0    2    0    2    3    0    3    2
  7.875382    0.767781    0.152807    0.121170    4.478889     3    2    0    0    1    2    3    3    2    0    0    0    0    3    0    3    0    1    0    0    3    0    3    2    0    0    3    2    1    0
  7.898760    0.758549    0.624502    0.001020   18.677044     0    3    0    2    2    1    3    2    2    2    1    1    3    0    3    2    0    1    1    3    1    3    1    0    1    1    0    0    3    3
  7.918185    0.754666    0.740043    0.001499   18.677044     3    3    3    0    2    1    2    0    2    3    1    1    1    0    1    0    2    1    3    3    1    3    1    0    0    1    0    2    2    3
  7.942296    0.773906    0.342138    0.032163    8.660667     3    3    1    2    1    0    1    0    3    0    1    3    0    3    2    1    3    3    3    2    2    0    2    1    1    1    0    3    2    1
  7.945814    0.777731    0.216542    0.060231    6.519962     2    2    3    2    0    1    3    0    0    3    1    1    2    2    3    3    0    1    3    0    1    3    0    0    3    1    0    0    3    1
  7.983794    0.781806    0.269993    0.030737    8.646056     0    0    3    0    3    1    1    0    1    2    1    0    1    3    1    2    2    3    3    3    1    1    2    0    0    2    1    2    0    0
  7.984030    0.771620    0.512671    0.011497   11.551480     2    0    1    1    0    1    3    3    0    1    3    3    3    2    2    1    1    1    1    3    0    2    2    3    1    0    2    3    3    2
  7.989771    0.783655    0.297626    0.004411   12.999601     2    3    3    0    2    2    2    0    2    1    1    1    1    0    0    0    3    1    3    1    1    2    2    0    0    3    0    2    2    3
  8.000571    0.793101    0.126427    0.006346   11.672405     2    3    0    0    0    3    2    1    0    0    0    0    0    2    2    2    2    1    2    0    3    1    0    2    0    3    1    0    1    0
  8.009780    0.781301    0.391643    0.000945   18.467291     3    0    1    0    1    2    3    1    2    2    0    3    3    1    2    0    1    2    0    2    2    0    1    0    3    3    1    0    0    3
  8.014293    0.787328    0.170746    0.055644    6.130560     0    0    1    2    2    0    0    2    1    0    0    3    3    3    0    3    0    2    1    2    2    0    1    0    3    1    2    2    0    3
  8.018196    0.781131    0.411384    0.001189   17.278655     2    1    1    2    2    0    3    0    3    0    3    1    2    3    1    0    0    2    0    3    1    0    2    1    2    0    3    2    1    1
  8.018231    0.781102    0.199839    0.107293    5.217760     0    0    0    3    1    1    0    0    0    3    2    0    1    1    2    3    0    3    3    3    3    2    3    1    0    1    2    1    0    3
  8.045078    0.787782    0.288221    0.023149    8.955707     2    0    3    1    1    2    2    1    3    1    1    2    0    2    0    3    0    1    1    3    0    3    0    2    3    2    0    3    3    1
  8.055513    0.786551    0.357744    0.011135   11.045977     0    1    0    2    0    1    3    2    1    2    1    1    3    0    3    2    0    3    1    3    2    3    1    2    1    3    2    0    3    2
  8.064387    0.788128    0.259065    0.053573    7.147466     0    0    0    3    0    1    1    0    1    3    1    2    0    3    1    3    3    1    3    2    2    3    2    2    3    1    0    3    3    2
  8.070666    0.793488    0.246504    0.012538   11.551480     2    0    0    0    0    3    3    0    0    1    3    3    3    0    3    1    1    1    1    1    0    2    1    2    2    0    2    2    3    0
  8.088667    0.794876    0.227789    0.026016    8.660667     2    2    1    2    0    1    1    0    3    3    1    3    0    3    2    1    0    3    3    0    2    0    2    0    3    1    0    0    3    1
  8.131405    0.799448    0.269204    0.002324   16.511345     3    3    3    0    1    3    0    1    1    0    2    0    2    0    1    2    3    0    0    0    2    2    1    3    1    0    0    1    0    1
  8.140806    0.778274    0.714031    0.001053   18.467291     2    1    0    2    1    0    3    1    3    2    2    3    0    0    0    2    1    3    2    3    1    0    1    3    1    3    3    0    1    2
  8.141091    0.800429    0.245440    0.014077   11.045977     0    3    0    3    0    3    3    3    0    2    1    1    0    0    3    2    0    1    1    3    2    2    0    2    1    3    3    2    1    0
  8.141389    0.808977    0.095890    0.003670   13.700068     3    2    0    0    1    2    2    3    3    0    0    0    3    0    0    2    3    2    0    0    0    1    0    2    0    0    3    2    1    0
  8.154076    0.800581    0.278341    0.009097   11.589006     2    3    2    1    0    0    3    2    2    1    1    3    0    1    1    0    3    2    3    3    0    0    2    3    0    1    3    3    2    3
  8.160131    0.766529    0.988258    0.000716   19.223438     2    2    3    0    3    2    1    1    0    3    2    0    3    0    1    2    0    3    2    1    1    0    1    2    3    0    1    1    2    1
  8.182452    0.802783    0.305190    0.002030   17.278655     0    1    1    2    3    0    3    0    3    0    0    1    0    0    3    0    0    2    0    3    1    3    3    1    2    2    2    2    1    1
  8.186426    0.808470    0.196417    0.003523   13.700068     3    2    0    0    1    2    2    3    3    2    0    0    1    0    0    1    1    2    0    1    0    2    1    2    0    0    3    2    1    0
  8.194402    0.776935    0.839693    0.005208   13.974862     3    2    1    2    2    1    3    2    1    2    1    1    3    0    1    3    1    1    0    3    3    1    3    0    1    0    2    2    1    3
  8.196402    0.806913    0.172689    0.040924    7.847751     3    1    0    3    1    1    2    3    3    0    0    1    3    0    0    2    3    3    0    0    3    1    0    2    0    2    0    2    0    0
  8.202083    0.807159    0.246701    0.007142   13.296300     3    1    2    3    0    3    0    0    3    3    0    1    0    3    2    2    1    0    0    2    3    2    1    3    3    3    1    3    0    0
  8.228887    0.803892    0.209391    0.085270    6.130560     1    3    3    2    3    0    0    3    0    1    0    0    1    3    0    3    0    0    1    2    0    1    3    1    1    1    2    1    0    0
  8.243032    0.811297    0.178787    0.040669    7.847751     2    1    2    0    3    1    1    1    0    0    0    1    0    0    3    3    0    3    0    1    3    3    3    2    0    2    0    2    0    0
  8.272121    0.812019    0.288755    0.007554   13.232166     3    1    1    3    1    3    3    2    0    0    0    0    1    2    1    1    3    2    0    3    3    0    0    3    2    2    3    1    0    0
  8.328957    0.825336    0.123910    0.013643   10.459439     0    0    1    0    2    1    0    2    1    0    0    3    3    1    0    0    0    2    0    2    2    0    1    0    3    0    1    2    0    3
  8.348313    0.821343    0.210488    0.029634    8.646056     0    1    2    0    3    3    1    0    1    2    1    0    0    3    1    3    0    1    0    2    0    1    3    0    0    2    2    2    0    1
  8.349960    0.821435    0.264667    0.003275   15.618560     0    1    2    0    3    3    1    1    0    0    0    3    0    0    3    3    0    1    0    2    0    3    3    2    2    2    2    2    1    1
  8.365854    0.820689    0.161027    0.078453    6.130560     0    0    1    0    3    1    0    3    0    0    0    3    1    3    0    3    0    0    0    2    2    1    3    1    1    0    2    2    0    3
  8.373506    0.816251    0.232328    0.094835    6.130560     1    3    3    1    3    0    0    3    0    3    0    0    1    1    0    3    0    0    1    2    0    1    3    1    0    1    2    1    1    1
  8.385527    0.831789    0.120290    0.007491   11.672405     2    3    0    3    0    3    3    3    0    0    0    0    0    2    2    0    2    1    2    0    3    2    0    0    1    3    3    2    1    0
  8.388951    0.824439    0.242558    0.023280    9.141828     0    2    0    1    3    0    3    2    0    1    2    3    3    0    3    2    1    0    2    1    1    3    0    0    1    2    1    3    1    3
  8.457418    0.833158    0.226159    0.012762   11.589006     2    0    3    3    0    0    3    1    0    1    1    3    1    0    3    0    3    2    3    3    0    0    2    2    0    3    3    1    3    2
  8.512746    0.838161    0.240865    0.010705   11.589006     2    0    0    1    0    0    3    1    0    2    2    2    1    0    3    0    3    1    1    3    1    0    1    3    0    3    3    3    2    2
  8.517558    0.826935    0.486753    0.004832   13.974862     3    2    1    2    0    1    3    2    2    2    1    0    0    1    1    3    1    1    0    3    3    1    1    0    0    0    1    2    1    3
  8.582452    0.843046    0.238980    0.032506    8.869710     2    0    0    3    3    1    1    0    0    3    0    0    1    1    2    3    0    2    3    3    3    0    1    1    1    0    2    1    1    3
  8.595517    0.839873    0.390067    0.001755   17.727393     2    0    0    1    1    0    3    3    3    2    2    2    0    0    0    2    3    1    1    3    1    0    1    3    1    0    3    3    2    0
  8.708241    0.856236    0.245796    0.022985   10.459439     0    0    1    0    2    1    3    2    0    1    3    3    3    1    0    1    1    1    0    3    0    0    1    3    1    0    2    3    0    3
  8.194402    0.776935    0.839693    0.005208   13.974862     3    2    1    2    2    1    3    2    1    2    1    1    3    0    1    3    1    1    0    3    3    1    3    0    1    0    2    2    1    3
  8.196402    0.806913    0.172689    0.040924    7.847751     3    1    0    3    1    1    2    3    3    0    0    1    3    0    0    2    3    3    0    0    3    1    0    2    0    2    0    2    0    0
  8.196402    0.806913    0.172689    0.040924    7.847751     3    1    0    3    1    1    2    3    3    0    0    1    3    0    0    2    3    3    0    0    3    1    0    2    0    2    0    2    0    0
  8.202083    0.807159    0.246701    0.007142   13.296300     3    1    2    3    0    3    0    0    3    3    0    1    0    3    2    2    1    0    0    2    3    2    1    3    3    3    1    3    0    0
  8.205675    0.808755    0.189256    0.023496    8.660667     0    2    3    2    3    2    1    1    0    0    0    3    0    0    3    3    0    1    0    2    0    3    3    2    2    1    0    2    2    1
  8.226318    0.810971    0.208937    0.012141   11.589006     3    0    2    3    0    3    3    0    0    3    1    1    0    0    3    0    3    2    3    3    3    2    2    2    0    3    1    1    3    0
  8.228887    0.803892    0.209391    0.085270    6.130560     1    3    3    2    3    0    0    3    0    1    0    0    1    3    0    3    0    0    1    2    0    1    3    1    1    1    2    1    0    0
  8.230029    0.805829    0.293223    0.025126    8.724706     1    3    2    2    1    1    1    1    0    0    0    3    3    0    3    2    0    3    0    2    0    3    2    1    1    3    2    2    2    1
  8.243032    0.811297    0.178787    0.040669    7.847751     2    1    2    0    3    1    1    1    0    0    0    1    0    0    3    3    0    3    0    1    3    3    3    2    0    2    0    2    0    0
  8.243032    0.811297    0.178787    0.040669    7.847751     2    1    2    0    3    1    1    1    0    0    0    1    0    0    3    3    0    3    0    1    3    3    3    2    0    2    0    2    0    0
  8.261543    0.815397    0.142906    0.036116    7.847751     0    3    0    3    0    1    3    3    3    2    0    1    0    0    0    2    3    3    0    3    2    1    0    2    0    2    0    2    0    0
  8.265491    0.809349    0.282490    0.030755    8.660667     3    2    1    2    0    1    1    2    1    2    1    1    0    0    1    1    0    1    0    3    3    1    2    0    1    0    0    0    3    3
  8.272121    0.812019    0.288755    0.007554   13.232166     3    1    1    3    1    3    3    2    0    0    0    0    1    2    1    1    3    2    0    3    3    0    0    3    2    2    3    1    0    0
  8.276927    0.813032    0.151824    0.070698    6.130560     0    0    2    0    3    1    0    3    0    0    0    3    1    3    0    3    0    3    0    2    3    3    3    2    1    2    0    2    0    3
  8.299327    0.822419    0.129280    0.010493   10.459439     0    0    1    2    2    1    0    2    1    0    0    3    3    1    0    0    0    2    0    2    2    0    1    0    3    0    2    2    0    3
  8.318022    0.810858    0.353852    0.032518    8.955707     0    1    2    0    1    3    1    1    1    2    1    0    0    3    1    3    0    1    1    3    0    1    3    2    0    2    2    3    3    1
  8.328957    0.825336    0.123910    0.013643   10.459439     0    0    1    0    2    1    0    2    1    0    0    3    3    1    0    0    0    2    0    2    2    0    1    0    3    0    1    2    0    3
  8.348313    0.821343    0.210488    0.029634    8.646056     0    1    2    0    3    3    1    0    1    2    1    0    0    3    1    3    0    1    0    2    0    1    3    0    0    2    2    2    0    1
  8.348313    0.821343    0.210488    0.029634    8.646056     0    1    2    0    3    3    1    0    1    2    1    0    0    3    1    3    0    1    0    2    0    1    3    0    0    2    2    2    0    1
  8.349960    0.821435    0.264667    0.003275   15.618560     0    1    2    0    3    3    1    1    0    0    0    3    0    0    3    3    0    1    0    2    0    3    3    2    2    2    2    2    1    1
  8.365262    0.827763    0.164394    0.005439   13.700068     3    3    0    0    2    2    2    0    3    3    0    0    1    0    0    0    3    2    0    3    1    3    1    0    0    1    3    2    2    3
  8.365557    0.822146    0.202142    0.043030    7.147466     0    2    0    0    0    2    1    0    0    3    1    0    0    3    1    2    3    3    2    1    1    0    2    2    3    0    1    1    2    1
  8.365854    0.820689    0.161027    0.078453    6.130560     0    0    1    0    3    1    0    3    0    0    0    3    1    3    0    3    0    0    0    2    2    1    3    1    1    0    2    2    0    3
  8.365854    0.820689    0.161027    0.078453    6.130560     0    0    1    0    3    1    0    3    0    0    0    3    1    3    0    3    0    0    0    2    2    1    3    1    1    0    2    2    0    3
  8.373426    0.822494    0.263000    0.016991   10.459439     0    0    3    0    2    1    3    2    0    1    3    3    3    1    0    1    1    2    0    3    0    0    2    3    1    3    2    1    3    2
  8.373506    0.816251    0.232328    0.094835    6.130560     1    3    3    1    3    0    0    3    0    3    0    0    1    1    0    3    0    0    1    2    0    1    3    1    0    1    2    1    1    1
  8.373506    0.816251    0.232328    0.094835    6.130560     1    3    3    1    3    0    0    3    0    3    0    0    1    1    0    3    0    0    1    2    0    1    3    1    0    1    2    1    1    1
  8.385527    0.831789    0.120290    0.007491   11.672405     2    3    0    3    0    3    3    3    0    0    0    0    0    2    2    0    2    1    2    0    3    2    0    0    1    3    3    2    1    0
  8.388951    0.824439    0.242558    0.023280    9.141828     0    2    0    1    3    0    3    2    0    1    2    3    3    0    3    2    1    0    2    1    1    3    0    0    1    2    1    3    1    3
  8.408722    0.813700    0.539054    0.002199   17.727393     3    2    1    2    1    0    3    3    3    2    1    2    0    0    0    3    1    1    0    3    3    1    1    0    0    0    3    3    2    3
  8.430941    0.824144    0.285455    0.046772    8.646056     0    0    3    0    3    1    1    0    1    3    1    0    3    3    1    2    0    3    3    3    1    1    1    2    3    0    1    1    0    0
  8.449604    0.833581    0.210949    0.008315   11.589006     2    3    3    0    2    2    2    0    2    1    1    1    1    0    0    0    3    1    3    1    0    0    2    0    0    3    0    1    2    3
  8.457418    0.833158    0.226159    0.012762   11.589006     2    0    3    3    0    0    3    1    0    1    1    3    1    0    3    0    3    2    3    3    0    0    2    2    0    3    3    1    3    2
  8.458280    0.827210    0.342643    0.014862   11.589006     1    0    3    2    0    1    1    1    0    1    0    3    1    0    3    0    3    2    3    3    0    0    2    2    1    3    1    1    3    1
  8.483067    0.719652    2.570824    0.001138   18.677044     2    1    0    2    1    1    2    1    2    3    1    1    1    0    0    2    1    1    2    3    1    3    1    3    0    3    3    2    1    3
  8.512746    0.838161    0.240865    0.010705   11.589006     2    0    0    1    0    0    3    1    0    2    2    2    1    0    3    0    3    1    1    3    1    0    1    3    0    3    3    3    2    2
  8.512746    0.838161    0.240865    0.010705   11.589006     2    0    0    1    0    0    3    1    0    2    2    2    1    0    3    0    3    1    1    3    1    0    1    3    0    3    3    3    2    2
  8.517558    0.826935    0.486753    0.004832   13.974862     3    2    1    2    0    1    3    2    2    2    1    0    0    1    1    3    1    1    0    3    3    1    1    0    0    0    1    2    1    3
  8.571953    0.837513    0.319261    0.037188    8.660667     3    0    0    2    1    1    1    0    3    0    1    0    0    1    2    1    3    3    3    3    3    0    2    1    1    1    2    1    1    3
  8.581999    0.850217    0.146821    0.006414   13.700068     3    2    3    0    1    1    2    3    1    0    0    3    3    0    0    0    3    3    0    0    0    1    0    2    0    0    3    2    3    2
  8.582452    0.843046    0.238980    0.032506    8.869710     2    0    0    3    3    1    1    0    0    3    0    0    1    1    2    3    0    2    3    3    3    0    1    1    1    0    2    1    1    3
  8.582452    0.843046    0.238980    0.032506    8.869710     2    0    0    3    3    1    1    0    0    3    0    0    1    1    2    3    0    2    3    3    3    0    1    1    1    0    2    1    1    3
  8.594400    0.844010    0.238626    0.034988    9.141828     0    0    0    1    0    1    1    0    1    1    1    3    0    0    1    3    1    0    2    1    2    3    0    2    3    1    0    3    3    3
  8.595517    0.839873    0.390067    0.001755   17.727393     2    0    0    1    1    0    3    3    3    2    2    2    0    0    0    2    3    1    1    3    1    0    1    3    1    0    3    3    2    0
  8.637083    0.853255    0.195939    0.006559   13.296300     2    0    2    3    3    1    1    0    0    3    0    0    0    1    2    3    0    0    0    2    3    2    1    1    3    3    1    3    0    0
  8.662905    0.855130    0.215946    0.003635   16.511345     3    3    3    2    3    3    0    3    0    1    0    0    1    0    0    3    0    0    1    0    2    1    3    3    1    1    2    1    0    0
  8.683401    0.849313    0.378585    0.000980   18.928768     2    2    1    3    0    1    1    3    1    2    0    3    0    3    3    1    1    3    2    0    1    0    0    0    3    2    0    0    3    2
  8.708241    0.856236    0.245796    0.022985   10.459439     0    0    1    0    2    1    3    2    0    1    3    3    3    1    0    1    1    1    0    3    0    0    1    3    1    0    2    3    0    3
  8.708241    0.856236    0.245796    0.022985   10.459439     0    0    1    0    2    1    3    2    0    1    3    3    3    1    0    1    1    1    0    3    0    0    1    3    1    0    2    3    0    3
  8.710070    0.831510    0.785085    0.002431   18.677044     0    0    3    1    1    1    3    1    3    1    1    1    0    2    0    3    0    1    1    3    1    3    0    2    1    2    0    0    3    1
  8.445985    0.832119    0.201650    0.023973    9.141828     0    2    0    1    0    0    3    1    0    1    2    3    1    0    3    2    3    0    2    3    1    0    0    3    0    2    1    3    1    2
  8.449604    0.833581    0.210949    0.008315   11.589006     2    3    3    0    2    2    2    0    2    1    1    1    1    0    0    0    3    1    3    1    0    0    2    0    0    3    0    1    2    3
  8.449604    0.833581    0.210949    0.008315   11.589006     2    3    3    0    2    2    2    0    2    1    1    1    1    0    0    0    3    1    3    1    0    0    2    0    0    3    0    1    2    3
  8.457418    0.833158    0.226159    0.012762   11.589006     2    0    3    3    0    0    3    1    0    1    1    3    1    0    3    0    3    2    3    3    0    0    2    2    0    3    3    1    3    2
  8.458280    0.827210    0.342643    0.014862   11.589006     1    0    3    2    0    1    1    1    0    1    0    3    1    0    3    0    3    2    3    3    0    0    2    2    1    3    1    1    3    1
  8.458280    0.827210    0.342643    0.014862   11.589006     1    0    3    2    0    1    1    1    0    1    0    3    1    0    3    0    3    2    3    3    0    0    2    2    1    3    1    1    3    1
  8.469527    0.836364    0.156121    0.027826    8.660667     0    0    3    2    3    1    1    1    0    0    0    3    3    0    3    0    0    2    0    2    0    3    3    0    2    0    1    2    2    1
  8.470741    0.830772    0.313549    0.006248   15.618560     0    1    3    0    3    3    3    1    0    1    3    3    0    0    0    1    0    1    0    3    0    0    3    2    1    2    2    1    3    1
  8.474764    0.833395    0.251573    0.015023   11.589006     0    3    3    0    3    1    2    0    1    1    1    1    3    3    0    2    3    3    3    1    0    0    2    0    0    3    0    1    2    0
  8.483067    0.719652    2.570824    0.001138   18.677044     2    1    0    2    1    1    2    1    2    3    1    1    1    0    0    2    1    1    2    3    1    3    1    3    0    3    3    2    1    3
  8.483067    0.719652    2.570824    0.001138   18.677044     2    1    0    2    1    1    2    1    2    3    1    1    1    0    0    2    1    1    2    3    1    3    1    3    0    3    3    2    1    3
  8.483877    0.830408    0.190277    0.084654    6.130560     0    0    1    0    0    1    1    0    1    0    0    3    1    0    0    3    0    0    2    1    2    1    3    1    1    1    0    2    3    3
  8.503637    0.835145    0.222613    0.040881    8.646056     0    0    3    0    3    1    1    0    1    0    0    0    1    3    1    2    0    3    3    3    1    1    3    2    3    2    0    1    0    3
  8.512746    0.838161    0.240865    0.010705   11.589006     2    0    0    1    0    0    3    1    0    2    2    2    1    0    3    0    3    1    1    3    1    0    1    3    0    3    3    3    2    2
  8.512746    0.838161    0.240865    0.010705   11.589006     2    0    0    1    0    0    3    1    0    2    2    2    1    0    3    0    3    1    1    3    1    0    1    3    0    3    3    3    2    2
  8.512746    0.838161    0.240865    0.010705   11.589006     2    0    0    1    0    0    3    1    0    2    2    2    1    0    3    0    3    1    1    3    1    0    1    3    0    3    3    3    2    2
  8.517033    0.842570    0.157781    0.012441   11.589006     3    2    1    3    0    1    3    0    0    2    1    1    0    0    1    0    0    2    0    3    3    1    2    0    0    3    0    0    3    0
  8.517558    0.826935    0.486753    0.004832   13.974862     3    2    1    2    0    1    3    2    2    2    1    0    0    1    1    3    1    1    0    3    3    1    1    0    0    0    1    2    1    3
  8.519779    0.843239    0.167590    0.003595   16.511345     3    3    3    2    3    3    0    0    0    3    0    0    1    0    3    0    3    0    1    0    2    1    3    3    0    1    2    1    0    0
  8.521400    0.840021    0.145627    0.048372    7.847751     0    0    1    0    3    1    1    1    0    0    0    1    0    0    0    3    0    3    0    2    3    1    3    1    0    2    0    2    0    0
  8.522506    0.835626    0.271274    0.030611    8.955707     0    0    0    2    1    1    1    0    3    0    1    0    0    1    2    1    3    1    1    3    3    0    3    2    0    2    2    1    1    3
  8.541614    0.841139    0.245649    0.007403   13.700068     3    3    1    0    1    2    3    0    3    3    0    2    1    0    0    0    1    2    0    3    1    1    1    0    0    0    3    3    2    3
  8.571953    0.837513    0.319261    0.037188    8.660667     3    0    0    2    1    1    1    0    3    0    1    0    0    1    2    1    3    3    3    3    3    0    2    1    1    1    2    1    1    3
  8.571953    0.837513    0.319261    0.037188    8.660667     3    0    0    2    1    1    1    0    3    0    1    0    0    1    2    1    3    3    3    3    3    0    2    1    1    1    2    1    1    3
  8.581999    0.850217    0.146821    0.006414   13.700068     3    2    3    0    1    1    2    3    1    0    0    3    3    0    0    0    3    3    0    0    0    1    0    2    0    0    3    2    3    2
  8.581999    0.850217    0.146821    0.006414   13.700068     3    2    3    0    1    1    2    3    1    0    0    3    3    0    0    0    3    3    0    0    0    1    0    2    0    0    3    2    3    2
  8.582452    0.843046    0.238980    0.032506    8.869710     2    0    0    3    3    1    1    0    0    3    0    0    1    1    2    3    0    2    3    3    3    0    1    1    1    0    2    1    1    3
  8.582452    0.843046    0.238980    0.032506    8.869710     2    0    0    3    3    1    1    0    0    3    0    0    1    1    2    3    0    2    3    3    3    0    1    1    1    0    2    1    1    3
  8.582452    0.843046    0.238980    0.032506    8.869710     2    0    0    3    3    1    1    0    0    3    0    0    1    1    2    3    0    2    3    3    3    0    1    1    1    0    2    1    1    3
  8.594400    0.844010    0.238626    0.034988    9.141828     0    0    0    1    0    1    1    0    1    1    1    3    0    0    1    3    1    0    2    1    2    3    0    2    3    1    0    3    3    3
  8.594400    0.844010    0.238626    0.034988    9.141828     0    0    0    1    0    1    1    0    1    1    1    3    0    0    1    3    1    0    2    1    2    3    0    2    3    1    0    3    3    3
  8.595517    0.839873    0.390067    0.001755   17.727393     2    0    0    1    1    0    3    3    3    2    2    2    0    0    0    2    3    1    1    3    1    0    1    3    1    0    3    3    2    0
  8.617026    0.828128    0.664632    0.003431   17.727393     3    3    3    2    3    0    3    3    3    1    0    2    1    0    0    3    1    1    0    3    0    1    1    1    1    1    3    3    2    0
  8.637083    0.853255    0.195939    0.006559   13.296300     2    0    2    3    3    1    1    0    0    3    0    0    0    1    2    3    0    0    0    2    3    2    1    1    3    3    1    3    0    0
  8.637083    0.853255    0.195939    0.006559   13.296300     2    0    2    3    3    1    1    0    0    3    0    0    0    1    2    3    0    0    0    2    3    2    1    1    3    3    1    3    0    0
  8.652119    0.846254    0.347724    0.015717   11.589006     2    0    0    0    0    1    3    1    1    3    1    2    1    3    1    0    3    3    3    3    1    0    1    2    3    0    3    1    0    2
  8.662905    0.855130    0.215946    0.003635   16.511345     3    3    3    2    3    3    0    3    0    1    0    0    1    0    0    3    0    0    1    0    2    1    3    3    1    1    2    1    0    0
  8.662905    0.855130    0.215946    0.003635   16.511345     3    3    3    2    3    3    0    3    0    1    0    0    1    0    0    3    0    0    1    0    2    1    3    3    1    1    2    1    0    0
  8.679006    0.853171    0.207223    0.043681    8.646056     0    0    1    2    1    0    3    3    1    3    1    0    0    0    1    3    0    3    0    3    1    1    1    0    0    0    3    1    2    3
  8.683401    0.849313    0.378585    0.000980   18.928768     2    2    1    3    0    1    1    3    1    2    0    3    0    3    3    1    1    3    2    0    1    0    0    0    3    2    0    0    3    2
  8.683401    0.849313    0.378585    0.000980   18.928768     2    2    1    3    0    1    1    3    1    2    0    3    0    3    3    1    1    3    2    0    1    0    0    0    3    2    0    0    3    2
  8.708241    0.856236    0.245796    0.022985   10.459439     0    0    1    0    2    1    3    2    0    1    3    3    3    1    0    1    1    1    0    3    0    0    1    3    1    0    2    3    0    3
  8.708241    0.856236    0.245796    0.022985   10.459439     0    0    1    0    2    1    3    2    0    1    3    3    3    1    0    1    1    1    0    3    0    0    1    3    1    0    2    3    0    3
  8.708241    0.856236    0.245796    0.022985   10.459439     0    0    1    0    2    1    3    2    0    1    3    3    3    1    0    1    1    1    0    3    0    0    1    3    1    0    2    3    0    3
  8.710070    0.831510    0.785085    0.002431   18.677044     0    0    3    1    1    1    3    1    3    1    1    1    0    2    0    3    0    1    1    3    1    3    0    2    1    2    0    0    3    1
  8.710070    0.831510    0.785085    0.002431   18.677044     0    0    3    1    1    1    3    1    3    1    1    1    0    2    0    3    0    1    1    3    1    3    0    2    1    2    0    0    3    1
  8.875516    0.877706    0.178694    0.009111   13.700068     3    2    3    1    3    0    0    3    1    3    0    3    3    0    0    0    0    0    1    0    0    1    0    2    0    1    3    1    1    2
  8.938268    0.881835    0.236149    0.001841   17.727393     3    2    3    2    1    0    3    3    1    2    0    2    3    0    0    0    3    1    0    3    3    1    0    0    0    0    3    3    2    3
  8.940168    0.876627    0.292376    0.027707   10.459439     1    0    1    0    3    1    3    2    0    1    0    3    1    1    0    1    0    0    1    3    0    0    1    1    1    1    2    3    0    3
  9.114698    0.893070    0.365599    0.001197   18.677044     2    0    1    3    0    1    3    3    1    2    0    3    0    2    3    3    1    1    2    0    1    3    0    0    1    2    0    0    3    1
  8.594400    0.844010    0.238626    0.034988    9.141828     0    0    0    1    0    1    1    0    1    1    1    3    0    0    1    3    1    0    2    1    2    3    0    2    3    1    0    3    3    3
  8.594680    0.833640    0.470437    0.023060   10.459439     0    0    1    1    2    1    3    2    0    1    1    1    3    1    0    1    1    1    1    3    1    0    1    2    1    2    0    0    3    3
  8.595517    0.839873    0.390067    0.001755   17.727393     2    0    0    1    1    0    3    3    3    2    2    2    0    0    0    2    3    1    1    3    1    0    1    3    1    0    3    3    2    0
  8.600266    0.833197    0.530725    0.002930   17.727393     3    2    3    1    0    1    1    3    1    1    0    2    3    0    1    0    3    1    0    3    2    3    0    0    3    1    3    3    3    3
  8.610831    0.850115    0.154412    0.032480    8.869710     0    0    0    3    3    1    1    1    0    0    0    0    1    0    3    0    0    2    0    2    3    0    1    0    1    0    2    2    1    1
  8.617026    0.828128    0.664632    0.003431   17.727393     3    3    3    2    3    0    3    3    3    1    0    2    1    0    0    3    1    1    0    3    0    1    1    1    1    1    3    3    2    0
  8.617026    0.828128    0.664632    0.003431   17.727393     3    3    3    2    3    0    3    3    3    1    0    2    1    0    0    3    1    1    0    3    0    1    1    1    1    1    3    3    2    0
  8.633421    0.847686    0.242473    0.035320    8.869710     2    0    0    3    3    1    3    3    1    2    0    0    1    1    3    3    0    1    2    0    1    0    1    0    1    0    0    1    1    3
  8.637083    0.853255    0.195939    0.006559   13.296300     2    0    2    3    3    1    1    0    0    3    0    0    0    1    2    3    0    0    0    2    3    2    1    1    3    3    1    3    0    0
  8.637083    0.853255    0.195939    0.006559   13.296300     2    0    2    3    3    1    1    0    0    3    0    0    0    1    2    3    0    0    0    2    3    2    1    1    3    3    1    3    0    0
  8.637083    0.853255    0.195939    0.006559   13.296300     2    0    2    3    3    1    1    0    0    3    0    0    0    1    2    3    0    0    0    2    3    2    1    1    3    3    1    3    0    0
  8.641590    0.846082    0.356859    0.002343   18.928768     2    0    1    3    0    1    1    3    0    2    0    3    1    1    3    1    0    3    1    3    0    0    0    1    1    1    0    0    0    3
  8.646369    0.857238    0.125892    0.011041   11.589006     2    0    3    3    0    1    3    3    0    2    0    3    0    0    3    0    3    2    3    0    1    0    0    2    0    3    0    1    3    2
  8.652119    0.846254    0.347724    0.015717   11.589006     2    0    0    0    0    1    3    1    1    3    1    2    1    3    1    0    3    3    3    3    1    0    1    2    3    0    3    1    0    2
  8.652119    0.846254    0.347724    0.015717   11.589006     2    0    0    0    0    1    3    1    1    3    1    2    1    3    1    0    3    3    3    3    1    0    1    2    3    0    3    1    0    2
  8.655737    0.845937    0.380427    0.006150   15.618560     0    0    0    0    1    3    1    1    3    1    3    0    0    1    0    1    3    1    1    3    3    0    3    2    0    2    2    1    3    3
  8.662905    0.855130    0.215946    0.003635   16.511345     3    3    3    2    3    3    0    3    0    1    0    0    1    0    0    3    0    0    1    0    2    1    3    3    1    1    2    1    0    0
  8.662905    0.855130    0.215946    0.003635   16.511345     3    3    3    2    3    3    0    3    0    1    0    0    1    0    0    3    0    0    1    0    2    1    3    3    1    1    2    1    0    0
  8.662905    0.855130    0.215946    0.003635   16.511345     3    3    3    2    3    3    0    3    0    1    0    0    1    0    0    3    0    0    1    0    2    1    3    3    1    1    2    1    0    0
  8.672219    0.852506    0.281072    0.006620   13.700068     2    2    2    3    3    1    1    3    1    3    0    0    3    0    0    3    0    0    0    0    3    2    0    1    3    1    1    1    1    2
  8.679006    0.853171    0.207223    0.043681    8.646056     0    0    1    2    1    0    3    3    1    3    1    0    0    0    1    3    0    3    0    3    1    1    1    0    0    0    3    1    2    3
  8.679006    0.853171    0.207223    0.043681    8.646056     0    0    1    2    1    0    3    3    1    3    1    0    0    0    1    3    0    3    0    3    1    1    1    0    0    0    3    1    2    3
  8.683401    0.849313    0.378585    0.000980   18.928768     2    2    1    3    0    1    1    3    1    2    0    3    0    3    3    1    1    3    2    0    1    0    0    0    3    2    0    0    3    2
  8.683401    0.849313    0.378585    0.000980   18.928768     2    2    1    3    0    1    1    3    1    2    0    3    0    3    3    1    1    3    2    0    1    0    0    0    3    2    0    0    3    2
  8.683401    0.849313    0.378585    0.000980   18.928768     2    2    1    3    0    1    1    3    1    2    0    3    0    3    3    1    1    3    2    0    1    0    0    0    3    2    0    0    3    2
  8.708241    0.856236    0.245796    0.022985   10.459439     0    0    1    0    2    1    3    2    0    1    3    3    3    1    0    1    1    1    0    3    0    0    1    3    1    0    2    3    0    3
  8.708241    0.856236    0.245796    0.022985   10.459439     0    0    1    0    2    1    3    2    0    1    3    3    3    1    0    1    1    1    0    3    0    0    1    3    1    0    2    3    0    3
  8.708241    0.856236    0.245796    0.022985   10.459439     0    0    1    0    2    1    3    2    0    1    3    3    3    1    0    1    1    1    0    3    0    0    1    3    1    0    2    3    0    3
  8.708241    0.856236    0.245796    0.022985   10.459439     0    0    1    0    2    1    3    2    0    1    3    3    3    1    0    1    1    1    0    3    0    0    1    3    1    0    2    3    0    3
  8.709508    0.859198    0.182564    0.026243    9.141828     0    2    0    2    0    1    1    0    3    0    1    3    0    0    3    2    3    0    1    3    3    0    3    3    0    2    1    3    1    2
  8.710070    0.831510    0.785085    0.002431   18.677044     0    0    3    1    1    1    3    1    3    1    1    1    0    2    0    3    0    1    1    3    1    3    0    2    1    2    0    0    3    1
  8.710070    0.831510    0.785085    0.002431   18.677044     0    0    3    1    1    1    3    1    3    1    1    1    0    2    0    3    0    1    1    3    1    3    0    2    1    2    0    0    3    1
  8.710070    0.831510    0.785085    0.002431   18.677044     0    0    3    1    1    1    3    1    3    1    1    1    0    2    0    3    0    1    1    3    1    3    0    2    1    2    0    0    3    1
  8.710070    0.831510    0.785085    0.002431   18.677044     0    0    3    1    1    1    3    1    3    1    1    1    0    2    0    3    0    1    1    3    1    3    0    2    1    2    0    0    3    1
  8.711676    0.848359    0.450312    0.002933   17.727393     2    0    0    1    1    1    1    3    3    3    2    0    0    0    0    3    0    1    1    3    1    0    1    1    1    0    2    1    1    0
  8.722389    0.860013    0.207158    0.018680   11.589006     1    0    3    1    0    1    1    1    0    1    0    1    0    0    0    3    0    2    1    3    0    0    0    2    1    3    0    0    3    1
  8.730266    0.859181    0.233051    0.021930   10.459439     1    0    3    2    0    1    3    2    0    1    0    3    1    0    3    0    3    0    1    3    0    0    1    2    1    3    1    3    0    1
  8.765392    0.866873    0.149043    0.022140   10.459439     0    0    3    0    1    1    3    2    1    0    0    3    3    0    0    1    3    1    0    0    0    0    0    2    1    0    2    3    3    3
  8.792929    0.861660    0.261409    0.045625    8.646056     0    0    1    2    1    1    3    0    3    0    1    0    0    1    1    1    0    3    0    3    1    0    1    1    0    1    3    1    2    3
  8.808042    0.864502    0.232818    0.046614    8.646056     0    0    1    0    3    1    1    0    1    0    0    3    1    3    0    3    0    0    3    1    1    1    3    1    1    2    0    2    0    3
  8.854734    0.872701    0.203539    0.025956   10.459439     0    3    1    0    3    1    2    0    0    1    0    3    1    3    0    1    0    3    3    1    0    0    1    1    0    3    2    3    0    0
  8.864127    0.879725    0.121286    0.006231   13.700068     0    2    3    0    3    1    2    0    1    1    0    3    3    0    0    2    3    3    3    0    0    0    0    0    0    0    0    1    2    2
  8.875516    0.877706    0.178694    0.009111   13.700068     3    2    3    1    3    0    0    3    1    3    0    3    3    0    0    0    0    0    1    0    0    1    0    2    0    1    3    1    1    2
  8.875516    0.877706    0.178694    0.009111   13.700068     3    2    3    1    3    0    0    3    1    3    0    3    3    0    0    0    0    0    1    0    0    1    0    2    0    1    3    1    1    2
  8.938268    0.881835    0.236149    0.001841   17.727393     3    2    3    2    1    0    3    3    1    2    0    2    3    0    0    0    3    1    0    3    3    1    0    0    0    0    3    3    2    3
  8.938268    0.881835    0.236149    0.001841   17.727393     3    2    3    2    1    0    3    3    1    2    0    2    3    0    0    0    3    1    0    3    3    1    0    0    0    0    3    3    2    3
  8.940168    0.876627    0.292376    0.027707   10.459439     1    0    1    0    3    1    3    2    0    1    0    3    1    1    0    1    0    0    1    3    0    0    1    1    1    1    2    3    0    3
  8.940168    0.876627    0.292376    0.027707   10.459439     1    0    1    0    3    1    3    2    0    1    0    3    1    1    0    1    0    0    1    3    0    0    1    1    1    1    2    3    0    3
  9.114698    0.893070    0.365599    0.001197   18.677044     2    0    1    3    0    1    3    3    1    2    0    3    0    2    3    3    1    1    2    0    1    3    0    0    1    2    0    0    3    1
  9.114698    0.893070    0.365599    0.001197   18.677044     2    0    1    3    0    1    3    3    1    2    0    3    0    2    3    3    1    1    2    0    1    3    0    0    1    2    0    0    3    1
  8.710070    0.831510    0.785085    0.002431   18.677044     0    0    3    1    1    1    3    1    3    1    1    1    0    2    0    3    0    1    1    3    1    3    0    2    1    2    0    0    3    1
  8.710070    0.831510    0.785085    0.002431   18.677044     0    0    3    1    1    1    3    1    3    1    1    1    0    2    0    3    0    1    1    3    1    3    0    2    1    2    0    0    3    1
  8.710070    0.831510    0.785085    0.002431   18.677044     0    0    3    1    1    1    3    1    3    1    1    1    0    2    0    3    0    1    1    3    1    3    0    2    1    2    0    0    3    1
  8.711676    0.848359    0.450312    0.002933   17.727393     2    0    0    1    1    1    1    3    3    3    2    0    0    0    0    3    0    1    1    3    1    0    1    1    1    0    2    1    1    0
  8.711676    0.848359    0.450312    0.002933   17.727393     2    0    0    1    1    1    1    3    3    3    2    0    0    0    0    3    0    1    1    3    1    0    1    1    1    0    2    1    1    0
  8.711723    0.860297    0.184877    0.016316   10.459439     1    0    3    2    0    1    1    2    0    0    0    0    1    0    3    0    0    2    0    3    3    0    1    2    1    3    2    3    1    1
  8.711783    0.857574    0.264231    0.003932   16.511345     3    3    3    2    3    0    3    3    0    1    0    0    1    0    0    3    0    0    1    3    2    1    1    3    1    1    2    3    0    0
  8.713314    0.857789    0.222891    0.023980   10.459439     0    3    1    0    1    1    3    2    1    0    0    3    3    0    0    1    3    3    0    1    0    0    1    2    1    0    2    3    0    3
  8.722389    0.860013    0.207158    0.018680   11.589006     1    0    3    1    0    1    1    1    0    1    0    1    0    0    0    3    0    2    1    3    0    0    0    2    1    3    0    0    3    1
  8.722389    0.860013    0.207158    0.018680   11.589006     1    0    3    1    0    1    1    1    0    1    0    1    0    0    0    3    0    2    1    3    0    0    0    2    1    3    0    0    3    1
  8.722766    0.858776    0.188789    0.040614    8.646056     0    0    3    2    1    0    3    1    1    3    1    0    0    2    1    3    0    3    0    3    1    3    0    0    1    0    3    0    3    3
  8.730266    0.859181    0.233051    0.021930   10.459439     1    0    3    2    0    1    3    2    0    1    0    3    1    0    3    0    3    0    1    3    0    0    1    2    1    3    1    3    0    1
  8.730266    0.859181    0.233051    0.021930   10.459439     1    0    3    2    0    1    3    2    0    1    0    3    1    0    3    0    3    0    1    3    0    0    1    2    1    3    1    3    0    1
  8.731226    0.859349    0.183398    0.046037    8.646056     0    0    1    2    3    3    3    3    0    3    0    0    1    0    1    3    0    0    1    0    1    1    1    0    1    0    3    1    0    0
  8.738066    0.830932    0.852224    0.002629   17.727393     3    2    3    2    1    0    3    3    3    1    0    1    3    2    0    3    3    1    1    3    1    1    0    0    1    0    3    3    2    1
  8.758176    0.862287    0.226637    0.021984   10.459439     0    2    1    0    3    1    1    2    1    1    3    3    3    1    0    1    0    0    0    3    0    0    0    1    3    0    2    1    0    3
  8.761363    0.863756    0.211818    0.017898   10.459439     3    2    3    0    3    0    3    3    0    2    0    2    1    0    0    1    0    1    1    3    0    0    1    1    0    1    2    3    2    3
  8.765392    0.866873    0.149043    0.022140   10.459439     0    0    3    0    1    1    3    2    1    0    0    3    3    0    0    1    3    1    0    0    0    0    0    2    1    0    2    3    3    3
  8.765392    0.866873    0.149043    0.022140   10.459439     0    0    3    0    1    1    3    2    1    0    0    3    3    0    0    1    3    1    0    0    0    0    0    2    1    0    2    3    3    3
  8.765525    0.857141    0.375816    0.006208   15.618560     0    1    3    0    3    3    3    1    0    1    3    3    0    0    0    1    0    1    0    3    0    1    3    2    1    2    2    1    3    1
  8.769378    0.861425    0.262895    0.023681   10.459439     0    0    0    0    0    1    3    2    0    1    1    2    1    1    1    0    3    1    3    3    1    0    1    3    3    0    2    1    0    3
  8.792929    0.861660    0.261409    0.045625    8.646056     0    0    1    2    1    1    3    0    3    0    1    0    0    1    1    1    0    3    0    3    1    0    1    1    0    1    3    1    2    3
  8.792929    0.861660    0.261409    0.045625    8.646056     0    0    1    2    1    1    3    0    3    0    1    0    0    1    1    1    0    3    0    3    1    0    1    1    0    1    3    1    2    3
  8.808042    0.864502    0.232818    0.046614    8.646056     0    0    1    0    3    1    1    0    1    0    0    3    1    3    0    3    0    0    3    1    1    1    3    1    1    2    0    2    0    3
  8.808042    0.864502    0.232818    0.046614    8.646056     0    0    1    0    3    1    1    0    1    0    0    3    1    3    0    3    0    0    3    1    1    1    3    1    1    2    0    2    0    3
  8.811004    0.869138    0.232957    0.003149   16.511345     0    3    3    2    3    3    0    1    0    1    0    0    0    2    0    3    0    0    1    3    1    1    0    3    1    2    2    1    0    1
  8.815449    0.869908    0.201636    0.015555   11.589006     0    0    1    2    1    0    1    3    0    3    1    0    0    0    0    3    0    2    1    3    1    1    0    2    1    3    0    0    3    1
  8.815863    0.867323    0.248345    0.018458   11.589006     3    2    3    0    0    1    3    3    1    1    0    2    3    0    1    0    3    1    0    3    1    0    0    0    3    1    3    3    3    3
  8.851752    0.866702    0.358929    0.005264   16.511345     3    3    1    2    1    3    0    0    0    0    1    0    1    0    1    3    0    0    0    3    1    1    3    3    1    1    3    1    2    0
  8.854734    0.872701    0.203539    0.025956   10.459439     0    3    1    0    3    1    2    0    0    1    0    3    1    3    0    1    0    3    3    1    0    0    1    1    0    3    2    3    0    0
  8.854734    0.872701    0.203539    0.025956   10.459439     0    3    1    0    3    1    2    0    0    1    0    3    1    3    0    1    0    3    3    1    0    0    1    1    0    3    2    3    0    0
  8.864127    0.879725    0.121286    0.006231   13.700068     0    2    3    0    3    1    2    0    1    1    0    3    3    0    0    2    3    3    3    0    0    0    0    0    0    0    0    1    2    2
  8.864127    0.879725    0.121286    0.006231   13.700068     0    2    3    0    3    1    2    0    1    1    0    3    3    0    0    2    3    3    3    0    0    0    0    0    0    0    0    1    2    2
  8.875516    0.877706    0.178694    0.009111   13.700068     3    2    3    1    3    0    0    3    1    3    0    3    3    0    0    0    0    0    1    0    0    1    0    2    0    1    3    1    1    2
  8.875516    0.877706    0.178694    0.009111   13.700068     3    2    3    1    3    0    0    3    1    3    0    3    3    0    0    0    0    0    1    0    0    1    0    2    0    1    3    1    1    2
  8.875516    0.877706    0.178694    0.009111   13.700068     3    2    3    1    3    0    0    3    1    3    0    3    3    0    0    0    0    0    1    0    0    1    0    2    0    1    3    1    1    2
  8.893604    0.876572    0.212994    0.021386   10.459439     2    0    0    1    3    1    1    3    3    3    2    0    0    0    0    1    0    0    1    3    0    0    1    1    1    1    2    1    0    3
  8.938268    0.881835    0.236149    0.001841   17.727393     3    2    3    2    1    0    3    3    1    2    0    2    3    0    0    0    3    1    0    3    3    1    0    0    0    0    3    3    2    3
  8.938268    0.881835    0.236149    0.001841   17.727393     3    2    3    2    1    0    3    3    1    2    0    2    3    0    0    0    3    1    0    3    3    1    0    0    0    0    3    3    2    3
  8.938268    0.881835    0.236149    0.001841   17.727393     3    2    3    2    1    0    3    3    1    2    0    2    3    0    0    0    3    1    0    3    3    1    0    0    0    0    3    3    2    3
  8.940168    0.876627    0.292376    0.027707   10.459439     1    0    1    0    3    1    3    2    0    1    0    3    1    1    0    1    0    0    1    3    0    0    1    1    1    1    2    3    0    3
  8.940168    0.876627    0.292376    0.027707   10.459439     1    0    1    0    3    1    3    2    0    1    0    3    1    1    0    1    0    0    1    3    0    0    1    1    1    1    2    3    0    3
  8.940168    0.876627    0.292376    0.027707   10.459439     1    0    1    0    3    1    3    2    0    1    0    3    1    1    0    1    0    0    1    3    0    0    1    1    1    1    2    3    0    3
  8.965107    0.890298    0.109668    0.007294   13.700068     3    2    3    0    1    0    3    0    1    1    0    2    3    0    0    0    3    3    0    0    0    1    0    0    0    0    0    1    2    2
  8.970732    0.884152    0.207721    0.025354   10.459439     3    2    3    0    3    1    3    3    0    3    0    3    1    0    0    1    0    0    1    0    0    0    0    1    1    1    2    1    1    3
  9.079086    0.897414    0.207022    0.001437   18.928768     3    2    3    3    1    0    1    3    1    2    0    3    3    0    3    0    1    3    2    0    1    0    0    0    3    0    0    0    3    2
  9.114698    0.893070    0.365599    0.001197   18.677044     2    0    1    3    0    1    3    3    1    2    0    3    0    2    3    3    1    1    2    0    1    3    0    0    1    2    0    0    3    1
  9.114698    0.893070    0.365599    0.001197   18.677044     2    0    1    3    0    1    3    3    1    2    0    3    0    2    3    3    1    1    2    0    1    3    0    0    1    2    0    0    3    1
  9.114698    0.893070    0.365599    0.001197   18.677044     2    0    1    3    0    1    3    3    1    2    0    3    0    2    3    3    1    1    2    0    1    3    0    0    1    2    0    0    3    1
  9.353119    0.857837    1.540655    0.004422   18.677044     3    0    3    1    1    1    1    1    3    1    1    1    0    2    1    3    0    1    1    3    1    3    0    0    1    1    0    3    3    3
  8.875516    0.877706    0.178694    0.009111   13.700068     3    2    3    1    3    0    0    3    1    3    0    3    3    0    0    0    0    0    1    0    0    1    0    2    0    1    3    1    1    2
  8.875516    0.877706    0.178694    0.009111   13.700068     3    2    3    1    3    0    0    3    1    3    0    3    3    0    0    0    0    0    1    0    0    1    0    2    0    1    3    1    1    2
  8.875516    0.877706    0.178694    0.009111   13.700068     3    2    3    1    3    0    0    3    1    3    0    3    3    0    0    0    0    0    1    0    0    1    0    2    0    1    3    1    1    2
  8.876765    0.870911    0.327327    0.003996   16.511345     3    2    3    2    1    0    3    3    1    1    0    0    1    0    0    0    3    1    0    3    3    1    1    3    1    0    2    3    0    0
  8.880948    0.871732    0.320125    0.003564   17.727393     2    3    3    1    3    1    0    1    3    3    0    0    0    0    0    3    0    1    1    3    1    0    0    1    1    0    2    1    1    0
  8.890947    0.873258    0.310234    0.003249   16.511345     0    3    3    2    3    3    2    1    0    1    0    0    0    3    0    3    0    3    1    3    0    1    1    1    0    2    2    1    0    1
  8.893604    0.876572    0.212994    0.021386   10.459439     2    0    0    1    3    1    1    3    3    3    2    0    0    0    0    1    0    0    1    3    0    0    1    1    1    1    2    1    0    3
  8.893604    0.876572    0.212994    0.021386   10.459439     2    0    0    1    3    1    1    3    3    3    2    0    0    0    0    1    0    0    1    3    0    0    1    1    1    1    2    1    0    3
  8.893604    0.876572    0.212994    0.021386   10.459439     2    0    0    1    3    1    1    3    3    3    2    0    0    0    0    1    0    0    1    3    0    0    1    1    1    1    2    1    0    3
  8.893804    0.872478    0.329032    0.004507   16.511345     3    3    1    2    1    1    3    0    0    0    0    0    1    0    1    3    0    0    1    0    0    1    3    3    1    1    2    1    2    3
  8.899491    0.868169    0.431280    0.002157   18.677044     0    3    3    1    3    1    0    1    3    1    0    0    0    2    0    3    0    1    1    3    1    3    0    2    1    2    0    1    3    1
  8.902805    0.882345    0.128579    0.015068   11.589006     3    2    3    0    0    3    3    0    0    0    0    2    3    0    1    0    3    0    0    3    1    0    3    3    3    1    3    3    2    0
  8.934905    0.886851    0.116525    0.008127   13.700068     0    2    3    0    1    1    3    3    1    2    0    3    3    0    0    0    3    1    3    0    0    0    0    0    0    0    0    3    2    3
  8.938268    0.881835    0.236149    0.001841   17.727393     3    2    3    2    1    0    3    3    1    2    0    2    3    0    0    0    3    1    0    3    3    1    0    0    0    0    3    3    2    3
  8.938268    0.881835    0.236149    0.001841   17.727393     3    2    3    2    1    0    3    3    1    2    0    2    3    0    0    0    3    1    0    3    3    1    0    0    0    0    3    3    2    3
  8.938268    0.881835    0.236149    0.001841   17.727393     3    2    3    2    1    0    3    3    1    2    0    2    3    0    0    0    3    1    0    3    3    1    0    0    0    0    3    3    2    3
  8.938268    0.881835    0.236149    0.001841   17.727393     3    2    3    2    1    0    3    3    1    2    0    2    3    0    0    0    3    1    0    3    3    1    0    0    0    0    3    3    2    3
  8.938268    0.881835    0.236149    0.001841   17.727393     3    2    3    2    1    0    3    3    1    2    0    2    3    0    0    0    3    1    0    3    3    1    0    0    0    0    3    3    2    3
  8.940168    0.876627    0.292376    0.027707   10.459439     1    0    1    0    3    1    3    2    0    1    0    3    1    1    0    1    0    0    1    3    0    0    1    1    1    1    2    3    0    3
  8.940168    0.876627    0.292376    0.027707   10.459439     1    0    1    0    3    1    3    2    0    1    0    3    1    1    0    1    0    0    1    3    0    0    1    1    1    1    2    3    0    3
  8.940168    0.876627    0.292376    0.027707   10.459439     1    0    1    0    3    1    3    2    0    1    0    3    1    1    0    1    0    0    1    3    0    0    1    1    1    1    2    3    0    3
  8.940168    0.876627    0.292376    0.027707   10.459439     1    0    1    0    3    1    3    2    0    1    0    3    1    1    0    1    0    0    1    3    0    0    1    1    1    1    2    3    0    3
  8.947826    0.877909    0.323139    0.007166   15.618560     0    0    3    0    3    1    1    3    3    3    3    0    0    0    0    1    0    1    0    3    0    1    3    1    1    2    2    1    1    1
  8.963948    0.881460    0.245605    0.026550   10.459439     1    0    1    0    3    1    3    2    0    1    0    3    1    0    0    1    0    0    1    3    0    0    1    1    1    3    2    3    0    1
  8.965107    0.890298    0.109668    0.007294   13.700068     3    2    3    0    1    0    3    0    1    1    0    2    3    0    0    0    3    3    0    0    0    1    0    0    0    0    0    1    2    2
  8.965107    0.890298    0.109668    0.007294   13.700068     3    2    3    0    1    0    3    0    1    1    0    2    3    0    0    0    3    3    0    0    0    1    0    0    0    0    0    1    2    2
  8.970732    0.884152    0.207721    0.025354   10.459439     3    2    3    0    3    1    3    3    0    3    0    3    1    0    0    1    0    0    1    0    0    0    0    1    1    1    2    1    1    3
  8.970732    0.884152    0.207721    0.025354   10.459439     3    2    3    0    3    1    3    3    0    3    0    3    1    0    0    1    0    0    1    0    0    0    0    1    1    1    2    1    1    3
  8.971351    0.883424    0.268638    0.002793   17.727393     0    0    1    2    1    0    1    3    0    2    1    0    3    0    0    3    0    1    0    3    1    1    0    0    1    3    3    3    2    1
  8.974254    0.884660    0.200809    0.027253   10.459439     1    0    3    0    0    1    1    0    1    0    0    0    1    3    0    0    0    0    0    1    1    1    3    1    1    2    0    2    1    3
  8.990345    0.881822    0.298703    0.022769   10.459439     2    0    0    0    1    1    1    3    0    3    2    3    0    1    0    3    0    1    1    3    1    0    1    1    1    0    2    1    1    3
  8.991895    0.887607    0.211795    0.009926   13.700068     3    2    3    0    3    1    0    0    1    1    0    3    3    3    0    0    0    0    1    1    0    1    1    2    0    3    3    1    0    0
  8.993254    0.866045    0.662025    0.001794   18.677044     2    2    3    3    1    1    3    3    3    1    0    3    0    2    3    3    1    1    1    0    1    3    0    0    1    0    0    0    2    1
  9.001976    0.890001    0.146613    0.028663   10.459439     3    0    1    0    3    1    3    3    0    3    0    0    1    0    0    3    0    0    1    0    0    0    1    0    1    0    2    1    1    3
  9.008944    0.891673    0.169133    0.007646   13.700068     3    2    3    2    3    0    0    0    1    3    0    3    0    0    1    1    0    0    1    0    1    0    0    2    0    1    3    1    1    3
  9.012041    0.884396    0.265342    0.035414   10.459439     3    0    3    0    0    1    3    3    1    1    0    3    3    1    0    1    3    0    0    3    1    0    0    1    1    1    3    3    3    3
  9.037104    0.889886    0.239929    0.018276   11.589006     0    2    0    0    0    1    3    3    0    1    0    2    1    1    1    0    3    1    0    3    1    0    1    0    3    1    3    1    0    3
  9.047009    0.881788    0.452750    0.002753   18.677044     1    0    1    1    3    1    3    1    3    1    0    1    0    2    0    3    0    0    1    3    0    3    0    2    1    1    0    0    3    1
  9.079086    0.897414    0.207022    0.001437   18.928768     3    2    3    3    1    0    1    3    1    2    0    3    3    0    3    0    1    3    2    0    1    0    0    0    3    0    0    0    3    2
  9.079086    0.897414    0.207022    0.001437   18.928768     3    2    3    3    1    0    1    3    1    2    0    3    3    0    3    0    1    3    2    0    1    0    0    0    3    0    0    0    3    2
  9.083292    0.883690    0.483514    0.004639   17.727393     2    0    0    1    3    1    1    0    3    3    0    0    1    3    0    3    0    0    1    1    1    1    3    1    1    0    0    1    1    3
  9.083296    0.895202    0.206615    0.027971   10.459439     0    2    3    0    3    1    1    0    0    0    0    3    1    3    0    1    0    0    1    0    0    1    3    1    1    1    0    1    1    3
  9.092889    0.896618    0.251352    0.001038   18.928768     3    2    1    3    0    0    3    3    1    2    0    3    0    2    3    0    1    1    2    0    1    3    0    0    1    2    0    0    3    1
  9.114698    0.893070    0.365599    0.001197   18.677044     2    0    1    3    0    1    3    3    1    2    0    3    0    2    3    3    1    1    2    0    1    3    0    0    1    2    0    0    3    1
  9.114698    0.893070    0.365599    0.001197   18.677044     2    0    1    3    0    1    3    3    1    2    0    3    0    2    3    3    1    1    2    0    1    3    0    0    1    2    0    0    3    1
  9.114698    0.893070    0.365599    0.001197   18.677044     2    0    1    3    0    1    3    3    1    2    0    3    0    2    3    3    1    1    2    0    1    3    0    0    1    2    0    0    3    1
  9.114698    0.893070    0.365599    0.001197   18.677044     2    0    1    3    0    1    3    3    1    2    0    3    0    2    3    3    1    1    2    0    1    3    0    0    1    2    0    0    3    1
  9.114698    0.893070    0.365599    0.001197   18.677044     2    0    1    3    0    1    3    3    1    2    0    3    0    2    3    3    1    1    2    0    1    3    0    0    1    2    0    0    3    1
  9.353119    0.857837    1.540655    0.004422   18.677044     3    0    3    1    1    1    1    1    3    1    1    1    0    2    1    3    0    1    1    3    1    3    0    0    1    1    0    3    3    3
  9.353119    0.857837    1.540655    0.004422   18.677044     3    0    3    1    1    1    1    1    3    1    1    1    0    2    1    3    0    1    1    3    1    3    0    0    1    1    0    3    3    3
  8.974254    0.884660    0.200809    0.027253   10.459439     1    0    3    0    0    1    1    0    1    0    0    0    1    3    0    0    0    0    0    1    1    1    3    1    1    2    0    2    1    3
  8.985353    0.882601    0.264982    0.026851   10.459439     0    0    0    2    3    1    1    3    3    3    1    0    3    0    0    3    0    1    1    3    0    0    1    1    1    3    3    3    2    1
  8.990345    0.881822    0.298703    0.022769   10.459439     2    0    0    0    1    1    1    3    0    3    2    3    0    1    0    3    0    1    1    3    1    0    1    1    1    0    2    1    1    3
  8.990345    0.881822    0.298703    0.022769   10.459439     2    0    0    0    1    1    1    3    0    3    2    3    0    1    0    3    0    1    1    3    1    0    1    1    1    0    2    1    1    3
  8.990577    0.893371    0.094264    0.009736   13.700068     0    2    3    0    1    0    0    3    1    3    0    3    3    0    0    0    3    1    3    0    0    0    0    0    0    0    0    1    1    2
  8.991895    0.887607    0.211795    0.009926   13.700068     3    2    3    0    3    1    0    0    1    1    0    3    3    3    0    0    0    0    1    1    0    1    1    2    0    3    3    1    0    0
  8.991895    0.887607    0.211795    0.009926   13.700068     3    2    3    0    3    1    0    0    1    1    0    3    3    3    0    0    0    0    1    1    0    1    1    2    0    3    3    1    0    0
  8.991895    0.887607    0.211795    0.009926   13.700068     3    2    3    0    3    1    0    0    1    1    0    3    3    3    0    0    0    0    1    1    0    1    1    2    0    3    3    1    0    0
  8.993254    0.866045    0.662025    0.001794   18.677044     2    2    3    3    1    1    3    3    3    1    0    3    0    2    3    3    1    1    1    0    1    3    0    0    1    0    0    0    2    1
  8.993254    0.866045    0.662025    0.001794   18.677044     2    2    3    3    1    1    3    3    3    1    0    3    0    2    3    3    1    1    1    0    1    3    0    0    1    0    0    0    2    1
  9.001976    0.890001    0.146613    0.028663   10.459439     3    0    1    0    3    1    3    3    0    3    0    0    1    0    0    3    0    0    1    0    0    0    1    0    1    0    2    1    1    3
  9.001976    0.890001    0.146613    0.028663   10.459439     3    0    1    0    3    1    3    3    0    3    0    0    1    0    0    3    0    0    1    0    0    0    1    0    1    0    2    1    1    3
  9.008944    0.891673    0.169133    0.007646   13.700068     3    2    3    2    3    0    0    0    1    3    0    3    0    0    1    1    0    0    1    0    1    0    0    2    0    1    3    1    1    3
  9.008944    0.891673    0.169133    0.007646   13.700068     3    2    3    2    3    0    0    0    1    3    0    3    0    0    1    1    0    0    1    0    1    0    0    2    0    1    3    1    1    3
  9.012041    0.884396    0.265342    0.035414   10.459439     3    0    3    0    0    1    3    3    1    1    0    3    3    1    0    1    3    0    0    3    1    0    0    1    1    1    3    3    3    3
  9.012041    0.884396    0.265342    0.035414   10.459439     3    0    3    0    0    1    3    3    1    1    0    3    3    1    0    1    3    0    0    3    1    0    0    1    1    1    3    3    3    3
  9.020281    0.872316    0.587756    0.003242   18.677044     3    2    3    1    0    1    1    0    3    1    0    1    3    0    1    0    0    1    1    3    1    0    3    0    1    1    0    3    2    3
  9.032516    0.888697    0.238951    0.026069   10.459439     3    2    3    0    1    0    3    3    1    1    0    3    1    0    0    0    3    1    0    3    0    0    0    1    1    1    2    3    1    3
  9.036075    0.894704    0.138803    0.019635   10.459439     2    0    0    1    3    1    3    3    0    3    2    0    0    0    0    3    0    0    1    3    0    0    1    0    1    1    2    1    0    3
  9.037104    0.889886    0.239929    0.018276   11.589006     0    2    0    0    0    1    3    3    0    1    0    2    1    1    1    0    3    1    0    3    1    0    1    0    3    1    3    1    0    3
  9.037104    0.889886    0.239929    0.018276   11.589006     0    2    0    0    0    1    3    3    0    1    0    2    1    1    1    0    3    1    0    3    1    0    1    0    3    1    3    1    0    3
  9.047009    0.881788    0.452750    0.002753   18.677044     1    0    1    1    3    1    3    1    3    1    0    1    0    2    0    3    0    0    1    3    0    3    0    2    1    1    0    0    3    1
  9.047009    0.881788    0.452750    0.002753   18.677044     1    0    1    1    3    1    3    1    3    1    0    1    0    2    0    3    0    0    1    3    0    3    0    2    1    1    0    0    3    1
  9.052112    0.893490    0.187430    0.023493   10.459439     1    0    1    2    3    0    3    2    0    1    1    0    1    0    0    3    0    0    0    3    0    0    1    1    1    3    3    3    0    1
  9.056099    0.892943    0.247868    0.002731   17.727393     0    0    1    2    3    0    1    3    3    2    1    0    0    0    0    3    0    1    0    3    1    1    0    0    1    3    2    3    1    1
  9.058793    0.895448    0.189981    0.009326   13.700068     2    2    0    1    3    1    0    3    1    3    0    3    0    0    0    0    0    0    1    3    0    1    0    1    0    1    3    1    1    3
  9.079086    0.897414    0.207022    0.001437   18.928768     3    2    3    3    1    0    1    3    1    2    0    3    3    0    3    0    1    3    2    0    1    0    0    0    3    0    0    0    3    2
  9.079086    0.897414    0.207022    0.001437   18.928768     3    2    3    3    1    0    1    3    1    2    0    3    3    0    3    0    1    3    2    0    1    0    0    0    3    0    0    0    3    2
  9.079086    0.897414    0.207022    0.001437   18.928768     3    2    3    3    1    0    1    3    1    2    0    3    3    0    3    0    1    3    2    0    1    0    0    0    3    0    0    0    3    2
  9.083292    0.883690    0.483514    0.004639   17.727393     2    0    0    1    3    1    1    0    3    3    0    0    1    3    0    3    0    0    1    1    1    1    3    1    1    0    0    1    1    3
  9.083292    0.883690    0.483514    0.004639   17.727393     2    0    0    1    3    1    1    0    3    3    0    0    1    3    0    3    0    0    1    1    1    1    3    1    1    0    0    1    1    3
  9.083296    0.895202    0.206615    0.027971   10.459439     0    2    3    0    3    1    1    0    0    0    0    3    1    3    0    1    0    0    1    0    0    1    3    1    1    1    0    1    1    3
  9.083296    0.895202    0.206615    0.027971   10.459439     0    2    3    0    3    1    1    0    0    0    0    3    1    3    0    1    0    0    1    0    0    1    3    1    1    1    0    1    1    3
  9.092889    0.896618    0.251352    0.001038   18.928768     3    2    1    3    0    0    3    3    1    2    0    3    0    2    3    0    1    1    2    0    1    3    0    0    1    2    0    0    3    1
  9.092889    0.896618    0.251352    0.001038   18.928768     3    2    1    3    0    0    3    3    1    2    0    3    0    2    3    0    1    1    2    0    1    3    0    0    1    2    0    0    3    1
  9.112652    0.897674    0.214202    0.028814   10.459439     1    0    1    0    3    1    3    2    0    1    0    3    1    0    0    0    0    1    1    3    0    1    1    0    1    0    3    3    0    3
  9.114698    0.893070    0.365599    0.001197   18.677044     2    0    1    3    0    1    3    3    1    2    0    3    0    2    3    3    1    1    2    0    1    3    0    0    1    2    0    0    3    1
  9.114698    0.893070    0.365599    0.001197   18.677044     2    0    1    3    0    1    3    3    1    2    0    3    0    2    3    3    1    1    2    0    1    3    0    0    1    2    0    0    3    1
  9.114698    0.893070    0.365599    0.001197   18.677044     2    0    1    3    0    1    3    3    1    2    0    3    0    2    3    3    1    1    2    0    1    3    0    0    1    2    0    0    3    1
  9.114698    0.893070    0.365599    0.001197   18.677044     2    0    1    3    0    1    3    3    1    2    0    3    0    2    3    3    1    1    2    0    1    3    0    0    1    2    0    0    3    1
  9.114698    0.893070    0.365599    0.001197   18.677044     2    0    1    3    0    1    3    3    1    2    0    3    0    2    3    3    1    1    2    0    1    3    0    0    1    2    0    0    3    1
  9.114698    0.893070    0.365599    0.001197   18.677044     2    0    1    3    0    1    3    3    1    2    0    3    0    2    3    3    1    1    2    0    1    3    0    0    1    2    0    0    3    1
  9.114698    0.893070    0.365599    0.001197   18.677044     2    0    1    3    0    1    3    3    1    2    0    3    0    2    3    3    1    1    2    0    1    3    0    0    1    2    0    0    3    1
  9.114698    0.893070    0.365599    0.001197   18.677044     2    0    1    3    0    1    3    3    1    2    0    3    0    2    3    3    1    1    2    0    1    3    0    0    1    2    0    0    3    1
  9.137483    0.901551    0.201668    0.021135   11.589006     0    0    0    0    0    1    1    0    3    3    0    2    1    3    0    0    0    1    0    3    1    1    3    0    1    1    3    1    1    3
  9.153346    0.901232    0.274504    0.003776   17.727393     2    3    3    3    3    0    0    1    1    3    0    0    0    0    0    3    1    3    1    3    1    0    0    1    1    0    0    1    3    2
  9.319003    0.921444    0.200810    0.004162   17.727393     0    0    1    3    1    0    1    3    0    2    0    3    3    0    0    3    1    3    0    3    1    1    0    0    3    0    0    3    3    1
  9.353119    0.857837    1.540655    0.004422   18.677044     3    0    3    1    1    1    1    1    3    1    1    1    0    2    1    3    0    1    1    3    1    3    0    0    1    1    0    3    3    3
  9.353119    0.857837    1.540655    0.004422   18.677044     3    0    3    1    1    1    1    1    3    1    1    1    0    2    1    3    0    1    1    3    1    3    0    0    1    1    0    3    3    3
  9.353119    0.857837    1.540655    0.004422   18.677044     3    0    3    1    1    1    1    1    3    1    1    1    0    2    1    3    0    1    1    3    1    3    0    0    1    1    0    3    3    3
  9.079086    0.897414    0.207022    0.001437   18.928768     3    2    3    3    1    0    1    3    1    2    0    3    3    0    3    0    1    3    2    0    1    0    0    0    3    0    0    0    3    2
  9.079086    0.897414    0.207022    0.001437   18.928768     3    2    3    3    1    0    1    3    1    2    0    3    3    0    3    0    1    3    2    0    1    0    0    0    3    0    0    0    3    2
  9.079086    0.897414    0.207022    0.001437   18.928768     3    2    3    3    1    0    1    3    1    2    0    3    3    0    3    0    1    3    2    0    1    0    0    0    3    0    0    0    3    2
  9.079086    0.897414    0.207022    0.001437   18.928768     3    2    3    3    1    0    1    3    1    2    0    3    3    0    3    0    1    3    2    0    1    0    0    0    3    0    0    0    3    2
  9.079373    0.899902    0.114887    0.022905   10.459439     2    0    0    0    0    1    1    0    3    3    0    0    0    3    0    0    0    0    0    3    1    1    3    0    1    1    2    1    0    3
  9.083292    0.883690    0.483514    0.004639   17.727393     2    0    0    1    3    1    1    0    3    3    0    0    1    3    0    3    0    0    1    1    1    1    3    1    1    0    0    1    1    3
  9.083292    0.883690    0.483514    0.004639   17.727393     2    0    0    1    3    1    1    0    3    3    0    0    1    3    0    3    0    0    1    1    1    1    3    1    1    0    0    1    1    3
  9.083292    0.883690    0.483514    0.004639   17.727393     2    0    0    1    3    1    1    0    3    3    0    0    1    3    0    3    0    0    1    1    1    1    3    1    1    0    0    1    1    3
  9.083296    0.895202    0.206615    0.027971   10.459439     0    2    3    0    3    1    1    0    0    0    0    3    1    3    0    1    0    0    1    0    0    1    3    1    1    1    0    1    1    3
  9.083296    0.895202    0.206615    0.027971   10.459439     0    2    3    0    3    1    1    0    0    0    0    3    1    3    0    1    0    0    1    0    0    1    3    1    1    1    0    1    1    3
  9.083296    0.895202    0.206615    0.027971   10.459439     0    2    3    0    3    1    1    0    0    0    0    3    1    3    0    1    0    0    1    0    0    1    3    1    1    1    0    1    1    3
  9.083846    0.899820    0.165878    0.002703   18.677044     0    2    3    0    0    1    1    3    1    0    0    3    0    3    0    3    0    0    1    0    1    3    3    0    1    2    0    0    3    1
  9.085132    0.902760    0.109184    0.002936   18.928768     3    0    3    3    3    0    3    3    1    2    0    0    3    0    3    0    1    0    1    0    1    0    0    0    3    0    0    0    3    3
  9.092889    0.896618    0.251352    0.001038   18.928768     3    2    1    3    0    0    3    3    1    2    0    3    0    2    3    0    1    1    2    0    1    3    0    0    1    2    0    0    3    1
  9.092889    0.896618    0.251352    0.001038   18.928768     3    2    1    3    0    0    3    3    1    2    0    3    0    2    3    0    1    1    2    0    1    3    0    0    1    2    0    0    3    1
  9.092889    0.896618    0.251352    0.001038   18.928768     3    2    1    3    0    0    3    3    1    2    0    3    0    2    3    0    1    1    2    0    1    3    0    0    1    2    0    0    3    1
  9.092889    0.896618    0.251352    0.001038   18.928768     3    2    1    3    0    0    3    3    1    2    0    3    0    2    3    0    1    1    2    0    1    3    0    0    1    2    0    0    3    1
  9.112652    0.897674    0.214202    0.028814   10.459439     1    0    1    0    3    1    3    2    0    1    0    3    1    0    0    0    0    1    1    3    0    1    1    0    1    0    3    3    0    3
  9.112652    0.897674    0.214202    0.028814   10.459439     1    0    1    0    3    1    3    2    0    1    0    3    1    0    0    0    0    1    1    3    0    1    1    0    1    0    3    3    0    3
  9.114698    0.893070    0.365599    0.001197   18.677044     2    0    1    3    0    1    3    3    1    2    0    3    0    2    3    3    1    1    2    0    1    3    0    0    1    2    0    0    3    1
  9.114698    0.893070    0.365599    0.001197   18.677044     2    0    1    3    0    1    3    3    1    2    0    3    0    2    3    3    1    1    2    0    1    3    0    0    1    2    0    0    3    1
  9.114698    0.893070    0.365599    0.001197   18.677044     2    0    1    3    0    1    3    3    1    2    0    3    0    2    3    3    1    1    2    0    1    3    0    0    1    2    0    0    3    1
  9.114698    0.893070    0.365599    0.001197   18.677044     2    0    1    3    0    1    3    3    1    2    0    3    0    2    3    3    1    1    2    0    1    3    0    0    1    2    0    0    3    1
  9.114698    0.893070    0.365599    0.001197   18.677044     2    0    1    3    0    1    3    3    1    2    0    3    0    2    3    3    1    1    2    0    1    3    0    0    1    2    0    0    3    1
  9.114698    0.893070    0.365599    0.001197   18.677044     2    0    1    3    0    1    3    3    1    2    0    3    0    2    3    3    1    1    2    0    1    3    0    0    1    2    0    0    3    1
  9.114698    0.893070    0.365599    0.001197   18.677044     2    0    1    3    0    1    3    3    1    2    0    3    0    2    3    3    1    1    2    0    1    3    0    0    1    2    0    0    3    1
  9.114698    0.893070    0.365599    0.001197   18.677044     2    0    1    3    0    1    3    3    1    2    0    3    0    2    3    3    1    1    2    0    1    3    0    0    1    2    0    0    3    1
  9.114698    0.893070    0.365599    0.001197   18.677044     2    0    1    3    0    1    3    3    1    2    0    3    0    2    3    3    1    1    2    0    1    3    0    0    1    2    0    0    3    1
  9.114698    0.893070    0.365599    0.001197   18.677044     2    0    1    3    0    1    3    3    1    2    0    3    0    2    3    3    1    1    2    0    1    3    0    0    1    2    0    0    3    1
  9.114698    0.893070    0.365599    0.001197   18.677044     2    0    1    3    0    1    3    3    1    2    0    3    0    2    3    3    1    1    2    0    1    3    0    0    1    2    0    0    3    1
  9.114698    0.893070    0.365599    0.001197   18.677044     2    0    1    3    0    1    3    3    1    2    0    3    0    2    3    3    1    1    2    0    1    3    0    0    1    2    0    0    3    1
  9.124766    0.889551    0.449969    0.004275   17.727393     1    0    1    1    3    1    3    1    3    1    0    0    1    2    0    3    0    0    1    1    0    3    0    1    1    0    0    1    3    1
  9.128815    0.902770    0.139416    0.031406   10.459439     3    0    3    0    0    1    3    3    0    1    0    3    3    0    0    1    3    0    0    0    0    0    1    0    1    1    3    3    3    3
  9.137170    0.902488    0.221069    0.001760   18.677044     2    0    1    3    0    1    3    0    1    2    0    3    3    3    3    0    1    1    2    0    0    3    0    0    1    3    3    0    0    1
  9.137483    0.901551    0.201668    0.021135   11.589006     0    0    0    0    0    1    1    0    3    3    0    2    1    3    0    0    0    1    0    3    1    1    3    0    1    1    3    1    1    3
  9.137483    0.901551    0.201668    0.021135   11.589006     0    0    0    0    0    1    1    0    3    3    0    2    1    3    0    0    0    1    0    3    1    1    3    0    1    1    3    1    1    3
  9.153346    0.901232    0.274504    0.003776   17.727393     2    3    3    3    3    0    0    1    1    3    0    0    0    0    0    3    1    3    1    3    1    0    0    1    1    0    0    1    3    2
  9.153346    0.901232    0.274504    0.003776   17.727393     2    3    3    3    3    0    0    1    1    3    0    0    0    0    0    3    1    3    1    3    1    0    0    1    1    0    0    1    3    2
  9.201062    0.906343    0.219604    0.027826   10.459439     3    2    3    0    3    1    0    0    1    0    0    3    1    3    0    0    0    0    1    0    0    1    1    1    1    1    3    1    1    3
  9.216245    0.911662    0.193182    0.003038   17.727393     0    0    1    3    1    0    1    3    1    2    0    3    3    2    0    0    1    3    0    3    1    3    0    0    3    0    0    0    3    1
  9.221650    0.910612    0.228231    0.001419   18.677044     2    2    3    3    0    1    1    3    1    2    0    3    0    0    3    0    1    3    2    0    1    3    0    0    3    0    0    0    3    1
  9.308159    0.878825    1.027720    0.006046   17.727393     3    0    3    1    1    0    1    1    1    1    1    1    0    0    0    3    1    1    1    3    1    0    0    1    1    1    0    1    3    2
  9.319003    0.921444    0.200810    0.004162   17.727393     0    0    1    3    1    0    1    3    0    2    0    3    3    0    0    3    1    3    0    3    1    1    0    0    3    0    0    3    3    1
  9.319003    0.921444    0.200810    0.004162   17.727393     0    0    1    3    1    0    1    3    0    2    0    3    3    0    0    3    1    3    0    3    1    1    0    0    3    0    0    3    3    1
  9.335224    0.927521    0.114400    0.002811   18.928768     3    2    3    3    1    0    0    3    1    3    0    3    0    0    0    0    1    1    3    0    1    0    0    0    0    0    0    0    3    1
  9.353119    0.857837    1.540655    0.004422   18.677044     3    0    3    1    1    1    1    1    3    1    1    1    0    2    1    3    0    1    1    3    1    3    0    0    1    1    0    3    3    3
  9.353119    0.857837    1.540655    0.004422   18.677044     3    0    3    1    1    1    1    1    3    1    1    1    0    2    1    3    0    1    1    3    1    3    0    0    1    1    0    3    3    3
  9.353119    0.857837    1.540655    0.004422   18.677044     3    0    3    1    1    1    1    1    3    1    1    1    0    2    1    3    0    1    1    3    1    3    0    0    1    1    0    3    3    3
  9.353119    0.857837    1.540655    0.004422   18.677044     3    0    3    1    1    1    1    1    3    1    1    1    0    2    1    3    0    1    1    3    1    3    0    0    1    1    0    3    3    3
  9.364540    0.906781    0.586533    0.003465   18.677044     0    0    1    3    0    1    1    3    0    2    0    3    1    3    3    1    0    0    1    0    1    3    3    1    1    1    0    1    1    3
