  6.592196    0.637436    0.425921    0.004878   11.858902     0    3    0    2    2    2    1    3    2    2    1    1    3    1    1    0    2    0    2    2    2    2    3    3    1    2    1    0    2    0
  6.795492    0.645621    0.676635    0.000965   18.371402     0    2    0    1    3    1    0    2    2    0    1    2    3    1    1    3    2    1    2    3    1    0    1    2    0    0    3    2    3    2
  7.095395    0.692765    0.333076    0.001203   15.949052     3    0    2    1    2    2    2    2    3    0    1    0    0    2    1    2    2    0    1    2    1    2    0    1    0    3    1    0    0    0
  7.115285    0.697932    0.244781    0.013573    8.831194     2    2    3    1    2    2    2    0    3    3    2    0    2    1    3    2    0    3    2    0    2    2    0    3    3    3    0    2    2    3
  7.273822    0.705950    0.220975    0.103832    4.405452     2    2    2    3    2    2    3    2    0    0    1    3    0    2    1    0    3    1    2    0    0    1    3    0    2    1    0    3    1    2
  7.318409    0.704709    0.541714    0.000457   19.772121     1    1    2    0    2    0    1    2    3    0    2    1    2    3    3    1    0    2    3    2    1    1    3    0    0    0    2    0    2    3
  7.377695    0.708694    0.217341    0.182090    3.521001     1    2    0    3    0    3    2    2    0    1    0    0    3    3    2    1    0    3    3    1    0    0    3    3    2    0    1    1    1    2
  7.398512    0.724471    0.240316    0.033640    7.212559     0    3    2    2    3    3    2    3    0    2    1    3    2    3    2    0    2    2    3    0    0    0    3    1    3    2    2    1    1    3
  7.484842    0.727625    0.413348    0.001922   14.926498     1    2    2    3    1    2    0    2    0    3    2    2    1    3    1    3    0    1    3    3    2    0    2    1    2    3    0    0    2    3
  7.506036    0.726293    0.194247    0.145981    3.863576     0    2    0    1    1    2    0    3    1    2    0    0    3    0    2    0    3    0    3    2    0    3    2    2    1    1    3    1    0    0
  7.695441    0.753126    0.189217    0.069568    5.581002     3    2    1    0    2    0    0    0    3    2    2    3    0    1    1    0    3    3    0    3    2    0    2    1    0    2    3    2    2    0
  7.705518    0.744071    0.261766    0.133930    4.820641     3    3    2    1    1    0    3    1    3    2    1    1    0    3    0    1    1    2    3    0    1    1    0    0    0    0    1    1    0    2
  7.712925    0.749076    0.197329    0.123498    4.134824     0    2    1    0    0    2    0    0    1    2    2    1    0    0    1    0    0    3    2    3    2    1    2    3    1    2    0    3    3    1
  7.848284    0.760210    0.487789    0.002293   16.356574     0    1    0    1    3    1    3    2    3    1    1    2    2    1    0    3    2    0    1    2    0    0    1    0    1    0    3    2    2    3
  7.878533    0.777324    0.170244    0.020172    8.359343     3    2    3    1    2    2    2    0    2    0    0    1    2    0    3    0    3    0    0    0    3    3    2    1    3    2    2    0    0    2
  7.929237    0.778690    0.272648    0.006010   13.734820     3    1    0    3    0    3    3    1    3    0    0    0    2    2    3    1    0    3    3    0    2    1    0    3    2    1    2    1    2    3
  7.992262    0.785548    0.146127    0.063715    5.534517     1    1    0    2    2    2    0    3    0    0    0    2    1    0    2    0    2    3    0    2    0    3    0    0    0    0    2    1    0    1
  8.072104    0.787963    0.356754    0.014094   10.901162     3    1    0    0    1    1    3    2    2    3    0    0    3    2    0    2    1    1    2    3    2    1    1    3    3    0    1    0    3    1
  8.166492    0.786254    0.584463    0.011718   12.097338     3    1    1    1    1    2    2    3    1    1    3    1    2    1    1    0    3    0    2    3    1    1    0    1    2    0    0    3    0    3
  8.226563    0.807771    0.281811    0.007950   12.267564     2    3    3    2    0    1    0    3    3    2    1    1    2    3    0    3    1    0    0    1    2    3    1    0    2    3    1    0    3    0
  8.310781    0.815099    0.309552    0.005018   13.846360     0    3    1    2    3    1    1    0    0    3    1    2    0    1    3    0    2    3    0    2    0    1    0    0    2    1    1    1    2    3
  8.322842    0.819819    0.196027    0.026641    8.411939     0    0    2    2    1    0    3    3    0    0    1    2    0    2    0    1    3    3    2    2    3    3    0    1    1    2    0    1    0    3
  8.334609    0.819685    0.241926    0.016793    9.703785     2    2    2    3    0    0    2    3    3    0    3    2    2    1    0    3    3    1    0    1    3    1    3    1    3    0    0    3    3    2
  8.374089    0.820112    0.344751    0.000590   19.612404     3    1    1    2    1    2    0    1    2    1    3    0    0    3    2    2    0    0    3    0    2    2    0    1    0    0    2    3    0    3
  8.426516    0.831466    0.202175    0.010768   11.298982     3    3    2    0    0    0    2    2    1    1    3    2    1    0    1    2    2    3    0    1    3    3    0    0    0    0    3    3    0    3
  7.878533    0.777324    0.170244    0.020172    8.359343     3    2    3    1    2    2    2    0    2    0    0    1    2    0    3    0    3    0    0    0    3    3    2    1    3    2    2    0    0    2
  7.878533    0.777324    0.170244    0.020172    8.359343     3    2    3    1    2    2    2    0    2    0    0    1    2    0    3    0    3    0    0    0    3    3    2    1    3    2    2    0    0    2
  7.929237    0.778690    0.272648    0.006010   13.734820     3    1    0    3    0    3    3    1    3    0    0    0    2    2    3    1    0    3    3    0    2    1    0    3    2    1    2    1    2    3
  7.983315    0.783493    0.287437    0.004665   13.846360     0    3    1    2    1    1    1    1    2    3    3    0    0    3    2    2    2    3    0    0    0    1    0    1    2    0    1    3    0    3
  7.992262    0.785548    0.146127    0.063715    5.534517     1    1    0    2    2    2    0    3    0    0    0    2    1    0    2    0    2    3    0    2    0    3    0    0    0    0    2    1    0    1
  8.072104    0.787963    0.356754    0.014094   10.901162     3    1    0    0    1    1    3    2    2    3    0    0    3    2    0    2    1    1    2    3    2    1    1    3    3    0    1    0    3    1
  8.083645    0.788647    0.321863    0.036246    8.411939     3    3    2    0    1    0    3    2    1    1    3    2    0    2    1    1    3    3    2    1    3    3    0    1    1    0    3    3    0    3
  8.131041    0.799237    0.258531    0.009402   12.267564     1    3    2    0    0    1    0    3    3    0    2    1    2    3    3    1    0    0    3    1    2    3    1    0    2    3    1    0    3    0
  8.166492    0.786254    0.584463    0.011718   12.097338     3    1    1    1    1    2    2    3    1    1    3    1    2    1    1    0    3    0    2    3    1    1    0    1    2    0    0    3    0    3
  8.175667    0.806916    0.203644    0.004688   13.734820     1    1    0    0    2    3    3    2    3    0    0    0    2    2    3    1    0    2    3    0    1    1    3    3    0    0    2    0    2    3
  8.189298    0.808450    0.193351    0.008128   11.298982     1    1    2    0    0    2    2    3    0    1    0    2    1    0    1    2    2    3    0    2    3    3    0    0    0    0    2    3    0    1
  8.226563    0.807771    0.281811    0.007950   12.267564     2    3    3    2    0    1    0    3    3    2    1    1    2    3    0    3    1    0    0    1    2    3    1    0    2    3    1    0    3    0
  8.310781    0.815099    0.309552    0.005018   13.846360     0    3    1    2    3    1    1    0    0    3    1    2    0    1    3    0    2    3    0    2    0    1    0    0    2    1    1    1    2    3
  8.320159    0.819269    0.196942    0.028998    8.411939     1    0    0    2    1    0    2    3    0    1    0    0    3    3    2    1    0    3    2    2    0    0    3    3    1    2    1    1    0    3
  8.322842    0.819819    0.196027    0.026641    8.411939     0    0    2    2    1    0    3    3    0    0    1    2    0    2    0    1    3    3    2    2    3    3    0    1    1    2    0    1    0    3
  8.322842    0.819819    0.196027    0.026641    8.411939     0    0    2    2    1    0    3    3    0    0    1    2    0    2    0    1    3    3    2    2    3    3    0    1    1    2    0    1    0    3
  8.334609    0.819685    0.241926    0.016793    9.703785     2    2    2    3    0    0    2    3    3    0    3    2    2    1    0    3    3    1    0    1    3    1    3    1    3    0    0    3    3    2
  8.374089    0.820112    0.344751    0.000590   19.612404     3    1    1    2    1    2    0    1    2    1    3    0    0    3    2    2    0    0    3    0    2    2    0    1    0    0    2    3    0    3
  8.374089    0.820112    0.344751    0.000590   19.612404     3    1    1    2    1    2    0    1    2    1    3    0    0    3    2    2    0    0    3    0    2    2    0    1    0    0    2    3    0    3
  8.393059    0.825083    0.254641    0.014910   10.901162     3    3    0    0    1    0    3    2    2    1    0    2    1    0    1    2    1    3    2    3    3    3    1    0    0    0    1    3    0    3
  8.426516    0.831466    0.202175    0.010768   11.298982     3    3    2    0    0    0    2    2    1    1    3    2    1    0    1    2    2    3    0    1    3    3    0    0    0    0    3    3    0    3
  8.426516    0.831466    0.202175    0.010768   11.298982     3    3    2    0    0    0    2    2    1    1    3    2    1    0    1    2    2    3    0    1    3    3    0    0    0    0    3    3    0    3
  8.464268    0.836415    0.187404    0.006416   12.097338     3    2    3    1    2    2    2    0    1    0    0    1    2    0    1    0    3    0    0    0    3    1    2    1    3    0    2    0    0    2
  8.509347    0.838876    0.218646    0.011260   12.267564     1    1    3    0    0    0    0    3    3    0    1    1    2    3    0    3    0    2    3    2    1    1    1    0    2    0    1    0    3    0
  8.645995    0.856350    0.132316    0.016333    9.703785     1    1    0    3    2    2    2    3    0    0    3    2    2    0    0    0    3    3    0    1    0    3    0    0    0    0    2    1    0    1
  8.322842    0.819819    0.196027    0.026641    8.411939     0    0    2    2    1    0    3    3    0    0    1    2    0    2    0    1    3    3    2    2    3    3    0    1    1    2    0    1    0    3
  8.322842    0.819819    0.196027    0.026641    8.411939     0    0    2    2    1    0    3    3    0    0    1    2    0    2    0    1    3    3    2    2    3    3    0    1    1    2    0    1    0    3
  8.330581    0.819807    0.200303    0.032360    8.411939     1    0    2    2    1    0    3    3    3    0    1    2    0    3    0    1    0    3    3    2    3    1    1    0    2    0    0    1    0    0
  8.334609    0.819685    0.241926    0.016793    9.703785     2    2    2    3    0    0    2    3    3    0    3    2    2    1    0    3    3    1    0    1    3    1    3    1    3    0    0    3    3    2
  8.334609    0.819685    0.241926    0.016793    9.703785     2    2    2    3    0    0    2    3    3    0    3    2    2    1    0    3    3    1    0    1    3    1    3    1    3    0    0    3    3    2
  8.374089    0.820112    0.344751    0.000590   19.612404     3    1    1    2    1    2    0    1    2    1    3    0    0    3    2    2    0    0    3    0    2    2    0    1    0    0    2    3    0    3
  8.374089    0.820112    0.344751    0.000590   19.612404     3    1    1    2    1    2    0    1    2    1    3    0    0    3    2    2    0    0    3    0    2    2    0    1    0    0    2    3    0    3
  8.374089    0.820112    0.344751    0.000590   19.612404     3    1    1    2    1    2    0    1    2    1    3    0    0    3    2    2    0    0    3    0    2    2    0    1    0    0    2    3    0    3
  8.375010    0.818003    0.376442    0.006758   13.734820     1    1    1    0    2    3    3    3    3    0    0    1    2    2    1    1    3    0    3    3    1    1    0    1    2    0    0    0    2    3
  8.393059    0.825083    0.254641    0.014910   10.901162     3    3    0    0    1    0    3    2    2    1    0    2    1    0    1    2    1    3    2    3    3    3    1    0    0    0    1    3    0    3
  8.393059    0.825083    0.254641    0.014910   10.901162     3    3    0    0    1    0    3    2    2    1    0    2    1    0    1    2    1    3    2    3    3    3    1    0    0    0    1    3    0    3
  8.419415    0.826677    0.275533    0.014876   10.901162     0    3    0    2    1    1    1    2    2    3    0    2    1    0    1    2    1    3    0    3    3    1    1    0    0    0    1    3    0    3
  8.426516    0.831466    0.202175    0.010768   11.298982     3    3    2    0    0    0    2    2    1    1    3    2    1    0    1    2    2    3    0    1    3    3    0    0    0    0    3    3    0    3
  8.426516    0.831466    0.202175    0.010768   11.298982     3    3    2    0    0    0    2    2    1    1    3    2    1    0    1    2    2    3    0    1    3    3    0    0    0    0    3    3    0    3
  8.426516    0.831466    0.202175    0.010768   11.298982     3    3    2    0    0    0    2    2    1    1    3    2    1    0    1    2    2    3    0    1    3    3    0    0    0    0    3    3    0    3
  8.431075    0.827271    0.315140    0.000792   19.612404     3    1    1    0    1    0    0    1    2    1    3    2    1    0    2    2    0    0    0    0    2    2    0    1    0    0    2    3    0    3
  8.464268    0.836415    0.187404    0.006416   12.097338     3    2    3    1    2    2    2    0    1    0    0    1    2    0    1    0    3    0    0    0    3    1    2    1    3    0    2    0    0    2
  8.464268    0.836415    0.187404    0.006416   12.097338     3    2    3    1    2    2    2    0    1    0    0    1    2    0    1    0    3    0    0    0    3    1    2    1    3    0    2    0    0    2
  8.509347    0.838876    0.218646    0.011260   12.267564     1    1    3    0    0    0    0    3    3    0    1    1    2    3    0    3    0    2    3    2    1    1    1    0    2    0    1    0    3    0
  8.509347    0.838876    0.218646    0.011260   12.267564     1    1    3    0    0    0    0    3    3    0    1    1    2    3    0    3    0    2    3    2    1    1    1    0    2    0    1    0    3    0
  8.581591    0.844778    0.240257    0.013684   12.267564     1    1    3    0    0    0    0    3    3    0    1    1    2    3    3    1    0    0    3    1    2    1    1    0    2    0    1    0    3    0
  8.593325    0.844623    0.212325    0.040929    8.411939     3    3    0    0    1    0    2    3    0    1    3    2    3    3    1    1    0    3    2    1    0    3    0    1    1    0    3    0    0    3
  8.645995    0.856350    0.132316    0.016333    9.703785     1    1    0    3    2    2    2    3    0    0    3    2    2    0    0    0    3    3    0    1    0    3    0    0    0    0    2    1    0    1
  8.645995    0.856350    0.132316    0.016333    9.703785     1    1    0    3    2    2    2    3    0    0    3    2    2    0    0    0    3    3    0    1    0    3    0    0    0    0    2    1    0    1
  8.710465    0.859720    0.179414    0.023555    9.703785     1    1    0    2    1    0    3    3    0    0    3    2    0    0    0    0    3    3    2    1    0    3    0    1    1    2    0    1    0    1
