  2.995363    0.515034    0.839309    0.000540   19.657133     0    0    2    2    0    1    2    3    3    3    0    3    2    2    3    3    2    2    2    3    0    3    3    3    2    3    3    2    3    1
  3.511363    0.638968    0.268847    0.182100    3.495236     2    2    1    3    2    0    3    2    1    1    2    0    1    3    3    3    1    3    3    0    1    2    0    2    0    2    1    2    0    3
  3.511734    0.663454    0.382746    0.003090   12.625124     0    3    3    2    2    1    2    0    0    2    1    3    2    1    1    0    2    0    2    1    2    2    2    0    0    2    2    1    2    2
  3.524058    0.633838    0.261814    0.223959    3.072930     1    3    3    2    0    1    3    1    2    2    3    2    1    2    1    1    0    1    3    0    0    2    0    3    2    3    3    0    2    0
  3.534075    0.651546    0.243020    0.154835    4.052030     1    3    3    3    3    3    2    2    3    3    2    3    2    0    1    0    0    1    2    3    3    0    3    1    2    2    0    3    0    0
  3.544708    0.661561    0.471659    0.001073   17.750412     0    1    3    2    0    3    0    0    1    2    3    1    3    0    1    1    2    1    2    2    0    2    2    0    2    1    0    2    3    0
  3.562822    0.686831    0.247944    0.004693   11.957950     0    0    0    2    1    3    3    0    2    2    2    2    0    0    2    2    0    2    0    3    2    3    3    2    1    1    3    2    1    2
  3.569763    0.677269    0.360296    0.003269   12.575939     2    1    0    2    2    0    1    0    2    2    1    2    1    2    1    2    3    1    2    2    2    0    1    0    3    3    0    0    2    3
  3.576592    0.664373    0.267771    0.120844    4.182731     2    2    1    2    0    2    1    0    2    2    0    2    3    3    1    1    2    2    0    3    1    2    3    0    1    3    1    0    1    3
  3.604486    0.630598    0.900949    0.001023   17.959634     1    3    3    2    2    1    0    3    1    0    2    3    0    0    2    3    3    1    2    2    2    1    1    0    1    2    2    3    1    0
  3.616966    0.671310    0.383394    0.068717    6.618534     1    2    3    2    2    3    1    3    1    2    0    2    1    0    3    3    3    3    3    2    3    1    3    3    1    1    3    1    3    0
  3.647613    0.657441    0.719869    0.000471   18.393307     2    1    2    1    1    1    1    2    3    2    2    3    1    0    2    2    3    0    0    2    2    1    2    0    0    2    1    0    0    3
  3.648944    0.698959    0.297663    0.005319   12.550747     0    1    0    1    0    0    2    3    1    2    3    3    2    2    1    2    3    3    3    2    2    0    2    0    2    3    0    1    0    1
  3.651472    0.664554    0.233974    0.211715    3.213722     1    3    0    3    1    2    1    3    2    1    0    2    0    3    2    1    3    3    2    1    0    3    0    0    0    0    3    0    2    2
  3.675063    0.675078    0.596560    0.001393   18.683053     0    1    2    3    3    3    1    2    3    3    0    0    0    3    1    2    0    3    1    2    2    1    3    2    0    1    3    3    0    3
  3.680659    0.684864    0.510871    0.000901   19.009233     3    1    3    3    0    2    3    0    3    3    3    1    2    0    3    2    3    0    2    2    0    2    0    3    2    3    3    3    1    2
  3.696640    0.684664    0.263344    0.141646    4.241954     1    2    1    2    1    1    2    1    1    3    0    0    3    2    0    2    3    3    3    1    0    2    1    3    0    0    3    0    2    3
  3.709906    0.663686    0.777520    0.002718   15.816192     0    3    1    1    0    3    2    2    0    3    0    1    3    1    3    1    2    1    1    0    2    1    2    2    3    1    3    2    2    1
  3.759680    0.727850    0.219522    0.010670    9.882749     2    2    0    0    3    0    1    0    3    3    1    2    2    0    2    3    2    1    2    0    2    3    3    1    2    2    0    2    3    0
  3.764688    0.718493    0.334724    0.004859   12.257304     2    0    3    2    3    1    2    0    2    2    2    2    2    3    0    1    3    0    3    3    1    2    1    3    1    3    0    1    0    2
  3.769739    0.723845    0.297593    0.001717   17.753047     3    0    0    3    3    2    3    0    1    3    2    2    0    0    1    3    3    2    3    3    3    0    0    3    1    3    1    2    0    1
  3.797185    0.709862    0.470551    0.012597   11.015565     3    3    2    3    3    3    2    1    3    1    2    0    1    1    0    2    3    1    3    1    1    2    2    1    2    0    0    2    3    0
  3.840088    0.732001    0.248583    0.055791    5.985629     3    2    2    0    3    1    2    2    0    1    0    0    1    0    1    3    2    1    2    0    0    2    1    1    2    3    3    2    2    2
  3.852251    0.733579    0.251870    0.058420    6.265992     0    3    3    1    3    1    0    0    1    1    3    0    2    2    2    2    0    3    2    2    3    3    2    0    1    1    3    0    2    2
  3.866090    0.731029    0.224210    0.098840    4.977127     1    2    1    0    0    2    3    2    0    2    2    3    1    3    3    1    1    0    1    3    2    0    0    0    3    3    0    1    2    0
  3.867791    0.696098    0.772281    0.001159   18.375313     2    3    3    3    1    3    2    0    1    0    2    0    1    2    3    1    3    3    1    1    3    0    3    0    2    2    3    3    2    0
  3.875500    0.732573    0.422853    0.001210   18.469959     3    0    1    1    0    2    0    2    3    0    0    3    1    0    3    0    3    2    0    3    1    2    3    1    1    3    2    2    1    2
  3.898192    0.756260    0.229272    0.002258   14.930166     2    1    3    1    0    3    1    0    1    3    0    2    1    0    2    2    3    2    0    2    0    2    1    0    1    0    0    2    0    0
  3.900349    0.749346    0.239218    0.034007    7.170192     2    2    0    1    0    2    2    0    2    2    0    1    3    2    3    3    3    0    2    0    1    3    1    3    3    3    2    1    3    2
  3.903213    0.730714    0.235323    0.131981    4.581533     1    2    3    0    3    0    0    0    1    3    2    3    2    1    1    1    3    3    1    0    0    2    3    2    0    0    3    3    3    1
  3.904677    0.727324    0.533392    0.001360   16.895683     1    2    2    2    2    0    2    3    3    1    3    0    0    0    2    1    3    1    3    3    1    1    2    0    1    3    3    3    2    0
  3.909915    0.754983    0.207535    0.031233    7.142573     1    1    2    0    0    2    3    2    1    1    2    0    0    2    0    1    0    2    2    2    0    3    2    0    1    3    2    0    3    2
  3.913652    0.741539    0.256049    0.077932    5.530975     1    1    2    3    2    1    3    0    2    3    2    0    1    0    1    0    0    1    2    0    0    1    1    1    2    2    2    3    0    1
  3.919458    0.738565    0.239747    0.106760    4.870400     3    2    3    0    1    2    0    2    0    3    3    1    1    0    1    0    1    2    3    0    3    0    1    2    2    2    1    1    0    3
  3.920276    0.759051    0.238399    0.005821   13.287352     3    0    3    0    2    1    3    3    3    2    0    0    3    0    3    1    2    3    3    2    0    2    0    2    1    3    3    2    0    3
  3.925588    0.731311    0.212429    0.162821    3.763292     1    1    0    0    0    3    2    2    0    3    0    0    2    1    0    3    0    1    1    2    0    3    0    1    2    1    1    2    3    1
  3.953311    0.752637    0.188939    0.095658    4.696189     3    0    2    0    0    2    3    3    0    0    0    2    2    1    1    0    2    0    1    3    2    2    0    1    1    0    2    3    2    3
  3.953653    0.748521    0.255855    0.083123    5.769985     3    3    1    2    0    3    3    0    3    1    0    1    1    3    2    2    0    0    1    1    2    1    2    2    0    1    0    0    1    3
  3.954967    0.755820    0.345085    0.003326   13.601524     2    2    2    0    3    2    2    2    3    3    0    0    0    2    1    3    3    1    3    1    0    3    3    2    1    1    0    2    1    0
  3.977734    0.770707    0.240255    0.004070   13.867929     3    0    1    1    3    2    0    2    3    1    0    0    3    2    0    0    2    0    3    1    0    0    2    1    1    2    3    0    2    2
  3.986954    0.759743    0.373073    0.001703   17.685687     0    0    3    0    1    2    2    0    0    2    3    3    1    1    0    2    0    2    2    3    3    3    1    3    1    1    3    3    3    0
  3.989596    0.759414    0.196672    0.094189    5.158530     3    0    3    0    2    2    3    0    0    2    3    1    2    1    1    0    1    0    2    0    3    1    0    2    0    1    3    3    3    0
  4.001840    0.742644    0.568233    0.004506   14.423372     1    1    3    2    1    3    0    2    1    3    3    1    3    1    2    3    0    3    0    2    1    0    0    3    0    2    2    2    3    1
  4.002384    0.768118    0.249974    0.036809    7.638492     0    1    0    1    3    0    1    2    1    0    3    0    3    3    1    2    2    2    3    0    2    1    2    1    0    0    3    2    2    3
  4.022593    0.774718    0.254015    0.021995    8.880901     1    0    1    2    0    0    1    1    0    3    2    2    0    3    2    1    1    3    2    2    2    0    3    1    0    1    0    3    0    2
  4.040756    0.768437    0.283034    0.057054    7.280521     0    3    0    3    1    0    3    3    1    1    2    1    1    3    3    2    0    3    3    1    3    1    1    2    0    0    2    0    2    0
  4.040901    0.782549    0.253474    0.001417   18.140274     0    0    3    0    3    3    3    3    0    2    2    0    1    0    1    3    3    1    2    0    2    3    3    0    0    2    3    1    3    2
  4.062282    0.785343    0.225254    0.022939    9.031190     3    3    0    0    3    3    2    3    1    2    0    1    1    2    1    0    1    2    0    3    2    0    1    3    2    0    0    2    0    3
  4.067691    0.777272    0.310351    0.026153    9.801335     1    3    1    1    0    3    3    3    3    3    3    1    0    0    2    1    3    2    2    2    3    1    0    0    1    1    0    0    0    3
  4.069253    0.779656    0.240011    0.050967    6.529930     0    2    1    2    2    2    0    0    2    3    3    0    0    1    3    1    0    1    0    3    3    1    1    2    1    3    2    1    2    3
  4.074675    0.773088    0.155598    0.131435    4.416303     1    3    2    0    0    0    0    1    3    1    2    3    3    0    0    0    3    0    0    0    1    0    3    0    2    3    2    0    3    0
  4.079447    0.783472    0.252156    0.036009    7.394734     2    2    1    1    3    1    1    0    0    1    2    0    2    0    1    0    1    3    3    0    2    3    2    0    2    2    0    1    3    2
  4.079784    0.795113    0.190660    0.008889   10.736847     2    0    2    2    1    2    0    0    1    2    3    2    0    0    3    0    3    0    0    3    2    1    2    3    3    0    3    1    1    1
  4.083831    0.779379    0.270671    0.051602    7.837722     1    1    1    0    3    3    1    3    1    3    2    1    3    2    3    3    2    0    3    3    3    0    0    0    0    3    1    3    0    0
  4.087053    0.788036    0.202395    0.045676    6.775042     2    0    0    0    2    3    1    1    0    1    0    1    0    0    3    2    2    3    2    2    2    3    0    0    1    3    1    1    2    0
  4.091638    0.785862    0.310983    0.006834   13.048599     1    0    0    3    1    1    2    2    3    0    3    3    2    2    3    1    0    3    1    0    0    2    3    0    1    1    2    0    0    1
  4.106362    0.802360    0.172166    0.008477   11.320589     2    3    0    1    2    0    3    0    0    2    3    0    0    1    0    3    2    3    0    1    3    2    2    2    1    3    0    0    3    2
  4.131446    0.774648    0.496445    0.009985   12.604647     0    1    1    3    0    2    3    3    3    3    0    1    1    1    2    3    0    2    2    1    1    3    3    2    1    1    0    3    3    3
  4.132932    0.739630    0.862407    0.003578   16.622206     0    1    1    3    1    0    3    3    1    1    3    3    3    1    3    2    3    3    2    0    2    3    0    2    1    0    3    2    1    1
  4.137908    0.758200    0.675127    0.009347   12.224391     1    2    3    1    3    3    1    0    2    0    1    1    1    3    2    0    0    1    2    1    3    1    2    0    2    1    1    1    2    3
  4.150637    0.789525    0.381979    0.012023   11.155993     2    2    3    2    2    0    0    2    1    1    3    1    3    3    1    3    3    1    3    0    0    1    0    1    2    3    1    3    1    0
  4.156564    0.802702    0.230151    0.027979    8.902678     1    1    0    0    3    2    2    3    0    1    3    0    1    2    0    0    3    1    2    2    1    3    3    1    0    0    3    1    0    0
  4.174138    0.799922    0.343005    0.003024   16.196933     0    0    0    3    3    3    1    1    3    2    2    3    1    1    0    0    2    3    0    0    0    3    2    1    2    1    0    3    1    1
  4.183876    0.813101    0.233539    0.001599   17.917229     2    3    0    3    3    3    1    1    0    0    0    0    0    1    0    1    0    0    2    2    1    1    2    0    1    2    2    0    0    3
  4.221232    0.798400    0.442504    0.007980   12.885958     2    2    1    3    1    1    0    1    3    3    1    2    0    0    1    0    1    1    3    0    3    3    0    0    2    2    3    1    2    3
  4.226409    0.813822    0.219453    0.047572    7.637589     1    1    1    2    3    0    0    0    1    3    0    2    3    3    2    0    0    0    3    1    1    1    2    3    1    0    3    0    3    0
  4.230497    0.805083    0.254976    0.077595    6.596840     3    3    0    3    0    3    1    1    0    3    2    1    3    0    3    0    0    1    1    3    3    2    0    1    1    0    2    3    1    1
  4.231656    0.814771    0.263690    0.025957    9.047986     1    1    0    1    1    2    0    3    0    2    0    3    1    2    1    0    3    2    1    3    0    0    3    0    2    3    1    0    1    2
  4.233692    0.800203    0.442911    0.011219   11.682943     1    0    0    1    2    0    1    3    1    2    2    0    1    3    2    1    0    1    2    1    0    3    3    1    3    1    1    2    3    0
  4.269452    0.813547    0.256689    0.073372    7.042350     1    0    3    3    3    1    1    2    3    1    1    1    3    0    0    0    3    0    3    0    3    3    0    0    1    2    3    1    1    3
  4.280163    0.824612    0.290995    0.011604   11.358205     2    3    2    0    2    0    1    0    1    1    1    3    3    0    3    0    1    0    0    1    2    2    1    0    1    1    2    0    3    1
  4.322828    0.791347    0.714362    0.008913   13.111614     0    1    3    3    3    1    1    1    3    1    0    2    0    0    1    1    1    3    1    3    2    0    1    2    2    1    2    3    2    3
  4.352782    0.837578    0.301532    0.014125   11.481366     0    1    1    3    3    0    0    3    3    0    2    2    1    0    1    1    2    0    2    3    1    3    1    3    1    0    0    0    1    1
  4.365757    0.786298    0.843801    0.012367   12.130184     1    2    1    3    3    1    3    3    1    3    1    1    0    0    2    1    1    2    1    1    0    0    1    1    0    2    2    1    2    1
  4.372952    0.824479    0.483601    0.008757   12.961865     1    1    0    3    2    3    3    3    0    2    1    1    1    2    3    1    0    0    1    1    0    3    1    1    2    0    3    3    2    0
  3.954967    0.755820    0.345085    0.003326   13.601524     2    2    2    0    3    2    2    2    3    3    0    0    0    2    1    3    3    1    3    1    0    3    3    2    1    1    0    2    1    0
  3.958705    0.754279    0.241571    0.066523    5.985629     1    2    2    3    3    1    2    0    0    1    0    0    1    0    1    3    2    1    2    0    0    2    1    1    2    3    3    3    0    1
  3.961591    0.753395    0.375066    0.007080   13.048599     0    0    3    0    1    1    2    2    3    2    3    3    2    1    3    2    0    3    1    3    0    2    3    3    1    1    3    3    3    0
  3.971040    0.740439    0.207564    0.165061    3.763292     1    1    1    0    0    1    2    0    0    1    0    0    2    1    1    0    0    1    1    0    2    3    0    0    2    2    0    2    3    1
  3.977734    0.770707    0.240255    0.004070   13.867929     3    0    1    1    3    2    0    2    3    1    0    0    3    2    0    0    2    0    3    1    0    0    2    1    1    2    3    0    2    2
  3.985123    0.761571    0.183959    0.085288    4.977127     1    2    0    0    0    2    3    0    0    2    2    3    0    0    3    2    1    0    1    3    2    0    0    2    3    1    3    1    2    2
  3.986954    0.759743    0.373073    0.001703   17.685687     0    0    3    0    1    2    2    0    0    2    3    3    1    1    0    2    0    2    2    3    3    3    1    3    1    1    3    3    3    0
  3.989596    0.759414    0.196672    0.094189    5.158530     3    0    3    0    2    2    3    0    0    2    3    1    2    1    1    0    1    0    2    0    3    1    0    2    0    1    3    3    3    0
  3.989596    0.759414    0.196672    0.094189    5.158530     3    0    3    0    2    2    3    0    0    2    3    1    2    1    1    0    1    0    2    0    3    1    0    2    0    1    3    3    3    0
  4.001840    0.742644    0.568233    0.004506   14.423372     1    1    3    2    1    3    0    2    1    3    3    1    3    1    2    3    0    3    0    2    1    0    0    3    0    2    2    2    3    1
  4.002384    0.768118    0.249974    0.036809    7.638492     0    1    0    1    3    0    1    2    1    0    3    0    3    3    1    2    2    2    3    0    2    1    2    1    0    0    3    2    2    3
  4.002905    0.776459    0.231713    0.004753   13.287352     3    0    0    1    1    2    0    3    0    2    0    0    1    2    1    1    3    1    3    2    0    0    0    2    2    3    3    2    0    2
  4.006158    0.748259    0.527148    0.001287   18.393307     1    1    2    1    1    1    3    2    0    2    1    1    1    0    3    2    3    0    0    1    0    3    1    0    2    2    3    3    0    0
  4.009250    0.758427    0.429906    0.002164   18.140274     0    0    1    0    3    3    3    3    1    2    2    0    1    3    1    3    1    1    3    0    2    3    3    0    0    2    3    1    0    3
  4.016979    0.772199    0.220730    0.045617    6.775042     2    0    1    0    2    0    1    2    1    1    2    0    1    0    3    3    1    3    3    2    2    2    0    0    0    3    1    2    0    3
  4.022593    0.774718    0.254015    0.021995    8.880901     1    0    1    2    0    0    1    1    0    3    2    2    0    3    2    1    1    3    2    2    2    0    3    1    0    1    0    3    0    2
  4.034794    0.752568    0.353036    0.095436    5.769985     3    2    3    2    1    3    3    0    0    1    0    1    1    3    1    0    1    2    1    1    3    1    2    2    0    1    1    1    1    3
  4.040489    0.767443    0.396681    0.004936   13.867929     1    0    3    2    3    2    0    2    1    1    3    1    3    1    2    0    0    0    3    1    1    0    0    3    0    2    3    2    2    1
  4.040756    0.768437    0.283034    0.057054    7.280521     0    3    0    3    1    0    3    3    1    1    2    1    1    3    3    2    0    3    3    1    3    1    1    2    0    0    2    0    2    0
  4.040901    0.782549    0.253474    0.001417   18.140274     0    0    3    0    3    3    3    3    0    2    2    0    1    0    1    3    3    1    2    0    2    3    3    0    0    2    3    1    3    2
  4.053562    0.787942    0.212365    0.007670   13.287352     3    0    3    0    0    1    3    3    0    2    0    1    3    0    3    0    2    3    3    2    0    2    0    2    1    3    3    3    1    3
  4.062282    0.785343    0.225254    0.022939    9.031190     3    3    0    0    3    3    2    3    1    2    0    1    1    2    1    0    1    2    0    3    2    0    1    3    2    0    0    2    0    3
  4.067691    0.777272    0.310351    0.026153    9.801335     1    3    1    1    0    3    3    3    3    3    3    1    0    0    2    1    3    2    2    2    3    1    0    0    1    1    0    0    0    3
  4.069253    0.779656    0.240011    0.050967    6.529930     0    2    1    2    2    2    0    0    2    3    3    0    0    1    3    1    0    1    0    3    3    1    1    2    1    3    2    1    2    3
  4.071712    0.773152    0.392223    0.009840   12.604647     2    1    1    3    0    2    3    3    3    3    0    1    3    2    3    3    3    0    2    0    1    3    3    3    1    3    0    3    3    2
  4.074675    0.773088    0.155598    0.131435    4.416303     1    3    2    0    0    0    0    1    3    1    2    3    3    0    0    0    3    0    0    0    1    0    3    0    2    3    2    0    3    0
  4.079447    0.783472    0.252156    0.036009    7.394734     2    2    1    1    3    1    1    0    0    1    2    0    2    0    1    0    1    3    3    0    2    3    2    0    2    2    0    1    3    2
  4.079784    0.795113    0.190660    0.008889   10.736847     2    0    2    2    1    2    0    0    1    2    3    2    0    0    3    0    3    0    0    3    2    1    2    3    3    0    3    1    1    1
  4.083831    0.779379    0.270671    0.051602    7.837722     1    1    1    0    3    3    1    3    1    3    2    1    3    2    3    3    2    0    3    3    3    0    0    0    0    3    1    3    0    0
  4.087053    0.788036    0.202395    0.045676    6.775042     2    0    0    0    2    3    1    1    0    1    0    1    0    0    3    2    2    3    2    2    2    3    0    0    1    3    1    1    2    0
  4.091638    0.785862    0.310983    0.006834   13.048599     1    0    0    3    1    1    2    2    3    0    3    3    2    2    3    1    0    3    1    0    0    2    3    0    1    1    2    0    0    1
  4.103529    0.799825    0.206045    0.001380   17.917229     2    3    3    3    3    3    2    0    1    0    0    0    0    2    3    1    0    3    1    2    3    0    3    0    1    2    2    0    0    0
  4.106362    0.802360    0.172166    0.008477   11.320589     2    3    0    1    2    0    3    0    0    2    3    0    0    1    0    3    2    3    0    1    3    2    2    2    1    3    0    0    3    2
  4.121155    0.802562    0.205230    0.005730   12.885958     2    2    0    3    1    1    0    1    0    3    1    0    0    0    1    0    2    1    0    1    3    2    2    0    2    3    0    0    3    2
  4.129008    0.799503    0.241996    0.010496   10.736847     0    2    1    2    2    2    0    0    2    3    3    0    0    1    3    1    0    1    0    3    2    1    2    3    1    0    3    1    2    3
  4.131446    0.774648    0.496445    0.009985   12.604647     0    1    1    3    0    2    3    3    3    3    0    1    1    1    2    3    0    2    2    1    1    3    3    2    1    1    0    3    3    3
  4.132932    0.739630    0.862407    0.003578   16.622206     0    1    1    3    1    0    3    3    1    1    3    3    3    1    3    2    3    3    2    0    2    3    0    2    1    0    3    2    1    1
  4.137906    0.784804    0.358874    0.034447    8.902678     1    1    0    2    2    3    1    3    1    1    3    2    1    0    3    0    3    1    3    2    1    1    3    3    0    0    3    1    0    0
  4.137908    0.758200    0.675127    0.009347   12.224391     1    2    3    1    3    3    1    0    2    0    1    1    1    3    2    0    0    1    2    1    3    1    2    0    2    1    1    1    2    3
  4.149118    0.813968    0.154321    0.002115   17.959634     1    3    3    0    2    1    0    3    0    0    3    3    0    0    0    0    3    1    2    2    1    1    3    0    0    0    2    3    0    0
  4.150637    0.789525    0.381979    0.012023   11.155993     2    2    3    2    2    0    0    2    1    1    3    1    3    3    1    3    3    1    3    0    0    1    0    1    2    3    1    3    1    0
  4.156564    0.802702    0.230151    0.027979    8.902678     1    1    0    0    3    2    2    3    0    1    3    0    1    2    0    0    3    1    2    2    1    3    3    1    0    0    3    1    0    0
  4.164829    0.788768    0.333723    0.054126    7.638492     0    1    0    1    3    2    1    3    3    3    3    0    1    1    1    3    0    2    3    1    1    1    2    2    1    0    0    3    3    3
  4.167709    0.796376    0.237065    0.067296    6.529930     0    1    1    2    3    0    0    2    1    3    3    0    3    3    3    1    0    2    0    0    3    1    1    1    0    3    2    1    2    3
  4.174138    0.799922    0.343005    0.003024   16.196933     0    0    0    3    3    3    1    1    3    2    2    3    1    1    0    0    2    3    0    0    0    3    2    1    2    1    0    3    1    1
  4.174505    0.778845    0.555636    0.002461   16.895683     1    3    0    2    1    0    3    3    3    1    2    0    1    3    2    2    3    3    3    1    3    1    2    0    0    3    3    0    2    0
  4.183876    0.813101    0.233539    0.001599   17.917229     2    3    0    3    3    3    1    1    0    0    0    0    0    1    0    1    0    0    2    2    1    1    2    0    1    2    2    0    0    3
  4.194521    0.783699    0.532356    0.009847   13.111614     1    3    3    3    3    1    3    1    3    1    3    2    0    2    1    1    0    1    3    3    0    0    0    3    2    1    2    3    2    3
  4.209663    0.810923    0.229512    0.040290    7.394734     2    2    1    0    3    1    1    0    0    1    2    0    1    0    1    0    2    1    3    0    0    2    1    0    2    3    3    1    3    2
  4.221232    0.798400    0.442504    0.007980   12.885958     2    2    1    3    1    1    0    1    3    3    1    2    0    0    1    0    1    1    3    0    3    3    0    0    2    2    3    1    2    3
  4.224133    0.790791    0.537432    0.001461   17.750412     0    1    3    2    1    3    0    2    0    3    3    1    1    0    1    0    1    1    3    2    3    0    2    0    2    2    1    2    0    0
  4.226409    0.813822    0.219453    0.047572    7.637589     1    1    1    2    3    0    0    0    1    3    0    2    3    3    2    0    0    0    3    1    1    1    2    3    1    0    3    0    3    0
  4.230497    0.805083    0.254976    0.077595    6.596840     3    3    0    3    0    3    1    1    0    3    2    1    3    0    3    0    0    1    1    3    3    2    0    1    1    0    2    3    1    1
  4.231656    0.814771    0.263690    0.025957    9.047986     1    1    0    1    1    2    0    3    0    2    0    3    1    2    1    0    3    2    1    3    0    0    3    0    2    3    1    0    1    2
  4.233692    0.800203    0.442911    0.011219   11.682943     1    0    0    1    2    0    1    3    1    2    2    0    1    3    2    1    0    1    2    1    0    3    3    1    3    1    1    2    3    0
  4.236876    0.822093    0.143869    0.054476    7.280521     0    3    0    3    1    3    3    3    1    0    0    0    0    3    0    1    0    0    3    2    3    1    2    0    0    0    2    0    2    0
  4.242593    0.808507    0.349958    0.025079    9.801335     0    1    1    3    0    0    3    3    1    1    3    1    0    0    3    2    3    3    2    2    3    1    0    2    1    1    0    2    1    1
  4.264965    0.822850    0.288619    0.006407   13.111614     0    1    2    3    1    1    0    0    1    2    0    2    0    0    3    0    1    3    0    3    2    0    1    2    3    1    3    1    2    1
  4.269452    0.813547    0.256689    0.073372    7.042350     1    0    3    3    3    1    1    2    3    1    1    1    3    0    0    0    3    0    3    0    3    3    0    0    1    2    3    1    1    3
  4.280163    0.824612    0.290995    0.011604   11.358205     2    3    2    0    2    0    1    0    1    1    1    3    3    0    3    0    1    0    0    1    2    2    1    0    1    1    2    0    3    1
  4.288758    0.807366    0.476657    0.013600   12.885958     1    1    1    3    1    3    0    1    1    3    1    2    3    0    1    3    0    1    3    0    3    3    0    3    0    2    3    2    3    3
  4.289147    0.830754    0.171665    0.049546    7.637589     1    1    0    0    3    0    2    3    0    1    0    2    1    3    0    0    0    1    3    2    1    1    3    3    0    0    3    0    0    0
  4.313702    0.839648    0.177588    0.026668    9.047986     0    1    0    0    1    3    3    3    0    2    2    0    1    2    1    0    3    1    1    0    0    0    3    0    2    3    3    0    3    2
  4.322828    0.791347    0.714362    0.008913   13.111614     0    1    3    3    3    1    1    1    3    1    0    2    0    0    1    1    1    3    1    3    2    0    1    2    2    1    2    3    2    3
  4.345014    0.845729    0.230767    0.000985   18.683053     0    2    2    3    3    1    1    2    0    3    0    0    0    0    1    3    2    3    1    0    0    2    3    1    0    3    3    3    0    2
  4.352782    0.837578    0.301532    0.014125   11.481366     0    1    1    3    3    0    0    3    3    0    2    2    1    0    1    1    2    0    2    3    1    3    1    3    1    0    0    0    1    1
  4.365695    0.707245    1.654817    0.002063   19.009233     3    2    3    3    2    3    1    3    1    3    3    1    1    0    3    3    3    0    2    2    3    1    3    3    1    3    3    1    1    0
  4.365757    0.786298    0.843801    0.012367   12.130184     1    2    1    3    3    1    3    3    1    3    1    1    0    0    2    1    1    2    1    1    0    0    1    1    0    2    2    1    2    1
  4.366683    0.847835    0.192551    0.031232    9.047986     3    1    0    3    0    3    0    3    0    2    0    3    3    0    3    0    3    2    1    3    3    0    0    1    2    3    1    3    1    2
  4.368791    0.840726    0.296153    0.017084   11.481366     3    0    1    1    3    0    0    3    3    0    0    3    1    0    3    1    2    2    2    3    1    3    3    1    1    0    0    0    1    1
  4.372952    0.824479    0.483601    0.008757   12.961865     1    1    0    3    2    3    3    3    0    2    1    1    1    2    3    1    0    0    1    1    0    3    1    1    2    0    3    3    2    0
  4.418147    0.828536    0.547893    0.001519   17.959634     1    3    1    1    2    3    0    3    3    0    2    1    0    0    2    1    3    1    2    2    3    1    0    0    1    1    0    3    0    3
  4.485041    0.846853    0.478816    0.011368   13.048599     1    0    0    0    1    1    2    2    3    3    3    3    1    0    3    1    1    3    3    0    3    0    3    2    1    1    1    1    0    1
  4.522801    0.886279    0.171548    0.005634   13.867929     3    0    0    0    3    2    2    2    3    1    0    0    3    1    0    0    0    0    3    1    0    3    0    1    1    2    1    0    2    1
  4.626191    0.870965    0.502500    0.020114   12.604647     0    3    0    3    0    3    1    1    3    3    0    1    1    1    3    3    0    1    1    1    3    3    0    1    1    0    2    3    1    1
  4.210996    0.808884    0.306913    0.013120   11.155993     2    1    3    2    2    0    0    3    1    3    3    1    3    3    1    3    2    1    3    0    0    1    0    0    2    3    1    3    1    0
  4.214308    0.800482    0.408457    0.007668   12.961865     0    1    3    0    1    3    2    0    0    2    1    1    1    2    3    2    0    0    1    1    3    3    1    1    2    0    3    3    2    0
  4.220017    0.827266    0.157952    0.004710   13.867929     3    0    1    0    3    3    2    3    3    2    2    0    3    3    1    3    0    0    3    0    2    3    0    0    0    2    3    0    2    3
  4.221232    0.798400    0.442504    0.007980   12.885958     2    2    1    3    1    1    0    1    3    3    1    2    0    0    1    0    1    1    3    0    3    3    0    0    2    2    3    1    2    3
  4.224133    0.790791    0.537432    0.001461   17.750412     0    1    3    2    1    3    0    2    0    3    3    1    1    0    1    0    1    1    3    2    3    0    2    0    2    2    1    2    0    0
  4.224133    0.790791    0.537432    0.001461   17.750412     0    1    3    2    1    3    0    2    0    3    3    1    1    0    1    0    1    1    3    2    3    0    2    0    2    2    1    2    0    0
  4.226409    0.813822    0.219453    0.047572    7.637589     1    1    1    2    3    0    0    0    1    3    0    2    3    3    2    0    0    0    3    1    1    1    2    3    1    0    3    0    3    0
  4.230497    0.805083    0.254976    0.077595    6.596840     3    3    0    3    0    3    1    1    0    3    2    1    3    0    3    0    0    1    1    3    3    2    0    1    1    0    2    3    1    1
  4.231656    0.814771    0.263690    0.025957    9.047986     1    1    0    1    1    2    0    3    0    2    0    3    1    2    1    0    3    2    1    3    0    0    3    0    2    3    1    0    1    2
  4.233692    0.800203    0.442911    0.011219   11.682943     1    0    0    1    2    0    1    3    1    2    2    0    1    3    2    1    0    1    2    1    0    3    3    1    3    1    1    2    3    0
  4.235478    0.826436    0.194901    0.005849   13.048599     0    0    0    3    1    3    2    2    3    0    0    0    2    1    0    1    0    3    3    2    0    2    2    3    1    1    3    0    2    0
  4.236876    0.822093    0.143869    0.054476    7.280521     0    3    0    3    1    3    3    3    1    0    0    0    0    3    0    1    0    0    3    2    3    1    2    0    0    0    2    0    2    0
  4.236876    0.822093    0.143869    0.054476    7.280521     0    3    0    3    1    3    3    3    1    0    0    0    0    3    0    1    0    0    3    2    3    1    2    0    0    0    2    0    2    0
  4.242593    0.808507    0.349958    0.025079    9.801335     0    1    1    3    0    0    3    3    1    1    3    1    0    0    3    2    3    3    2    2    3    1    0    2    1    1    0    2    1    1
  4.242593    0.808507    0.349958    0.025079    9.801335     0    1    1    3    0    0    3    3    1    1    3    1    0    0    3    2    3    3    2    2    3    1    0    2    1    1    0    2    1    1
  4.251250    0.819063    0.210392    0.050741    7.638492     0    0    0    0    3    3    1    3    3    3    2    0    1    0    1    3    3    1    3    0    2    3    3    2    1    0    0    1    3    2
  4.258037    0.818491    0.269934    0.030614    9.031190     0    3    0    0    0    3    2    1    1    3    0    1    1    1    3    3    0    2    1    3    2    0    1    3    1    0    2    2    0    1
  4.264965    0.822850    0.288619    0.006407   13.111614     0    1    2    3    1    1    0    0    1    2    0    2    0    0    3    0    1    3    0    3    2    0    1    2    3    1    3    1    2    1
  4.264965    0.822850    0.288619    0.006407   13.111614     0    1    2    3    1    1    0    0    1    2    0    2    0    0    3    0    1    3    0    3    2    0    1    2    3    1    3    1    2    1
  4.265734    0.765954    0.849565    0.011181   12.130184     0    2    1    3    3    1    1    1    1    3    1    1    0    0    2    1    1    2    1    1    2    0    1    1    2    1    2    3    2    3
  4.268272    0.769798    0.833253    0.002654   18.140274     0    3    1    1    3    3    3    3    3    2    2    1    1    3    1    1    1    1    3    0    2    1    0    0    0    1    0    3    0    3
  4.269452    0.813547    0.256689    0.073372    7.042350     1    0    3    3    3    1    1    2    3    1    1    1    3    0    0    0    3    0    3    0    3    3    0    0    1    2    3    1    1    3
  4.272740    0.812800    0.414951    0.001264   18.140274     2    2    1    0    3    1    3    0    1    2    2    0    1    0    1    0    1    1    3    0    0    2    3    0    2    3    3    1    0    3
  4.280163    0.824612    0.290995    0.011604   11.358205     2    3    2    0    2    0    1    0    1    1    1    3    3    0    3    0    1    0    0    1    2    2    1    0    1    1    2    0    3    1
  4.288758    0.807366    0.476657    0.013600   12.885958     1    1    1    3    1    3    0    1    1    3    1    2    3    0    1    3    0    1    3    0    3    3    0    3    0    2    3    2    3    3
  4.288758    0.807366    0.476657    0.013600   12.885958     1    1    1    3    1    3    0    1    1    3    1    2    3    0    1    3    0    1    3    0    3    3    0    3    0    2    3    2    3    3
  4.289147    0.830754    0.171665    0.049546    7.637589     1    1    0    0    3    0    2    3    0    1    0    2    1    3    0    0    0    1    3    2    1    1    3    3    0    0    3    0    0    0
  4.289147    0.830754    0.171665    0.049546    7.637589     1    1    0    0    3    0    2    3    0    1    0    2    1    3    0    0    0    1    3    2    1    1    3    3    0    0    3    0    0    0
  4.294177    0.840643    0.155981    0.012970   10.736847     0    2    0    2    2    0    0    0    0    3    3    0    0    1    3    3    2    3    0    1    3    1    2    3    1    0    0    1    3    2
  4.304968    0.846352    0.133540    0.006439   13.111614     0    0    3    0    3    1    0    0    0    2    2    2    1    0    1    0    3    3    0    0    2    0    1    0    0    2    3    1    3    1
  4.308959    0.805468    0.534345    0.014447   12.885958     0    1    3    3    1    2    0    1    1    3    3    2    3    1    1    3    0    1    3    3    3    3    0    3    1    1    3    3    3    0
  4.313207    0.814071    0.458443    0.013633   12.885958     0    1    1    3    1    3    0    3    1    3    1    2    1    3    1    3    0    1    3    0    3    3    3    3    0    2    3    2    0    3
  4.313702    0.839648    0.177588    0.026668    9.047986     0    1    0    0    1    3    3    3    0    2    2    0    1    2    1    0    3    1    1    0    0    0    3    0    2    3    3    0    3    2
  4.313702    0.839648    0.177588    0.026668    9.047986     0    1    0    0    1    3    3    3    0    2    2    0    1    2    1    0    3    1    1    0    0    0    3    0    2    3    3    0    3    2
  4.322828    0.791347    0.714362    0.008913   13.111614     0    1    3    3    3    1    1    1    3    1    0    2    0    0    1    1    1    3    1    3    2    0    1    2    2    1    2    3    2    3
  4.325591    0.843482    0.212035    0.002163   16.895683     1    3    0    2    1    0    0    0    3    3    2    2    1    3    2    0    0    3    3    1    3    1    2    0    0    0    3    0    3    0
  4.330597    0.831019    0.207559    0.071721    6.529930     0    1    1    0    3    0    0    2    1    3    0    0    3    1    3    0    0    0    3    0    0    1    1    1    1    2    2    1    2    1
  4.338185    0.814550    0.528527    0.001170   17.959634     1    3    1    1    2    3    0    3    2    0    2    1    0    0    2    1    3    1    2    2    3    1    0    0    1    1    0    3    0    3
  4.345014    0.845729    0.230767    0.000985   18.683053     0    2    2    3    3    1    1    2    0    3    0    0    0    0    1    3    2    3    1    0    0    2    3    1    0    3    3    3    0    2
  4.345014    0.845729    0.230767    0.000985   18.683053     0    2    2    3    3    1    1    2    0    3    0    0    0    0    1    3    2    3    1    0    0    2    3    1    0    3    3    3    0    2
  4.352782    0.837578    0.301532    0.014125   11.481366     0    1    1    3    3    0    0    3    3    0    2    2    1    0    1    1    2    0    2    3    1    3    1    3    1    0    0    0    1    1
  4.360577    0.851608    0.185340    0.009869   12.130184     0    2    0    0    1    3    3    3    0    2    1    1    0    0    2    0    3    2    1    0    0    0    1    1    0    3    2    0    3    1
  4.365202    0.835479    0.342385    0.016612   10.736847     0    2    0    1    3    2    1    0    3    3    3    0    1    1    1    3    0    1    0    1    2    1    2    2    1    0    3    1    3    3
  4.365695    0.707245    1.654817    0.002063   19.009233     3    2    3    3    2    3    1    3    1    3    3    1    1    0    3    3    3    0    2    2    3    1    3    3    1    3    3    1    1    0
  4.365695    0.707245    1.654817    0.002063   19.009233     3    2    3    3    2    3    1    3    1    3    3    1    1    0    3    3    3    0    2    2    3    1    3    3    1    3    3    1    1    0
  4.365757    0.786298    0.843801    0.012367   12.130184     1    2    1    3    3    1    3    3    1    3    1    1    0    0    2    1    1    2    1    1    0    0    1    1    0    2    2    1    2    1
  4.366683    0.847835    0.192551    0.031232    9.047986     3    1    0    3    0    3    0    3    0    2    0    3    3    0    3    0    3    2    1    3    3    0    0    1    2    3    1    3    1    2
  4.366683    0.847835    0.192551    0.031232    9.047986     3    1    0    3    0    3    0    3    0    2    0    3    3    0    3    0    3    2    1    3    3    0    0    1    2    3    1    3    1    2
  4.368791    0.840726    0.296153    0.017084   11.481366     3    0    1    1    3    0    0    3    3    0    0    3    1    0    3    1    2    2    2    3    1    3    3    1    1    0    0    0    1    1
  4.368791    0.840726    0.296153    0.017084   11.481366     3    0    1    1    3    0    0    3    3    0    0    3    1    0    3    1    2    2    2    3    1    3    3    1    1    0    0    0    1    1
  4.369282    0.829668    0.365941    0.037972    9.047986     1    1    0    0    1    1    3    3    1    3    2    0    0    0    1    1    1    1    1    0    0    0    1    1    2    3    3    1    2    2
  4.372952    0.824479    0.483601    0.008757   12.961865     1    1    0    3    2    3    3    3    0    2    1    1    1    2    3    1    0    0    1    1    0    3    1    1    2    0    3    3    2    0
  4.373823    0.852379    0.151741    0.036059    9.047986     3    1    0    3    0    3    0    0    1    2    0    0    3    0    3    0    3    3    1    2    3    0    3    0    1    3    1    0    0    0
  4.375177    0.865898    0.087355    0.002012   17.959634     0    0    3    0    2    1    0    3    0    0    3    3    0    0    0    2    0    3    1    2    0    2    3    0    0    1    3    3    0    0
  4.395985    0.857081    0.158365    0.031399    9.047986     0    1    0    3    0    0    0    3    1    2    0    0    3    0    3    1    3    2    1    0    3    0    0    1    0    3    1    3    2    2
  4.404667    0.869373    0.109110    0.003248   17.959634     3    0    3    0    0    1    0    3    0    0    3    1    3    0    0    0    3    1    3    2    0    1    0    0    0    3    2    3    0    3
  4.414349    0.832451    0.480477    0.011854   12.604647     1    1    1    3    0    2    3    3    3    3    3    1    1    2    0    0    3    1    2    0    1    3    3    3    1    0    0    1    3    2
  4.414588    0.851926    0.258374    0.025772    9.801335     0    2    0    0    0    0    3    3    1    1    3    3    0    0    3    2    3    3    1    3    3    1    0    2    1    1    3    2    1    1
  4.415315    0.838251    0.412917    0.017603   11.481366     2    3    1    3    3    0    1    3    1    0    2    3    1    0    1    1    1    0    0    1    2    3    1    3    1    0    0    0    1    1
  4.418147    0.828536    0.547893    0.001519   17.959634     1    3    1    1    2    3    0    3    3    0    2    1    0    0    2    1    3    1    2    2    3    1    0    0    1    1    0    3    0    3
  4.431460    0.852682    0.304677    0.015713   11.320589     1    2    3    1    2    3    3    0    0    0    1    1    0    1    0    3    0    3    0    1    3    1    2    0    2    3    1    1    3    3
  4.433392    0.849982    0.351202    0.007881   13.867929     1    0    1    2    3    2    3    3    1    1    3    1    3    0    2    0    3    0    3    1    1    1    0    0    0    1    3    0    0    3
  4.457281    0.862617    0.203377    0.042507    9.047986     3    0    3    3    0    1    0    3    0    2    0    1    3    0    3    0    3    3    1    3    3    0    0    1    1    3    3    3    1    3
  4.480992    0.877989    0.166167    0.007966   13.867929     3    0    0    3    3    3    0    2    0    1    0    0    3    0    3    0    3    0    1    3    0    0    2    1    1    3    1    0    2    2
  4.482300    0.861437    0.326847    0.011692   12.885958     0    2    0    3    3    3    1    1    3    3    1    3    0    0    0    0    1    1    0    0    3    3    2    1    2    1    0    1    1    1
  4.485041    0.846853    0.478816    0.011368   13.048599     1    0    0    0    1    1    2    2    3    3    3    3    1    0    3    1    1    3    3    0    3    0    3    2    1    1    1    1    0    1
  4.485041    0.846853    0.478816    0.011368   13.048599     1    0    0    0    1    1    2    2    3    3    3    3    1    0    3    1    1    3    3    0    3    0    3    2    1    1    1    1    0    1
  4.522801    0.886279    0.171548    0.005634   13.867929     3    0    0    0    3    2    2    2    3    1    0    0    3    1    0    0    0    0    3    1    0    3    0    1    1    2    1    0    2    1
  4.522801    0.886279    0.171548    0.005634   13.867929     3    0    0    0    3    2    2    2    3    1    0    0    3    1    0    0    0    0    3    1    0    3    0    1    1    2    1    0    2    1
  4.538144    0.854588    0.459646    0.035380    9.801335     1    1    1    0    1    0    2    3    1    3    3    3    0    0    3    1    1    3    3    0    3    1    0    2    1    1    1    1    1    1
  4.544621    0.831354    0.768266    0.003717   17.917229     3    3    3    3    3    3    1    1    1    0    0    0    0    1    3    3    3    0    2    2    1    1    3    3    1    3    3    1    1    0
  4.559423    0.868049    0.411922    0.013214   13.048599     1    0    0    0    1    1    1    1    0    3    2    3    1    0    3    0    0    3    1    0    3    2    3    1    1    1    1    3    0    1
  4.587842    0.872736    0.422520    0.012900   12.604647     2    3    0    0    2    3    1    0    3    1    0    1    1    1    3    0    1    1    1    1    3    3    1    0    1    0    2    0    3    1
  4.626191    0.870965    0.502500    0.020114   12.604647     0    3    0    3    0    3    1    1    3    3    0    1    1    1    3    3    0    1    1    1    3    3    0    1    1    0    2    3    1    1
  4.626191    0.870965    0.502500    0.020114   12.604647     0    3    0    3    0    3    1    1    3    3    0    1    1    1    3    3    0    1    1    1    3    3    0    1    1    0    2    3    1    1
