  5.290938    0.481963    0.939871    0.001372   16.306547     2    1    3    1    2    1    0    3    3    0    1    1    1    2    2    0    2    2    2    0    1    3    3    2    2    3    2    2    3    0
  6.269357    0.594547    0.643106    0.002338   13.889037     2    3    0    2    2    2    2    2    0    1    2    1    1    3    1    2    0    1    2    0    3    2    1    0    3    1    1    2    2    0
  6.569576    0.634574    0.442544    0.002563   13.641029     0    2    3    2    2    3    2    3    2    3    2    3    0    0    2    3    1    2    0    2    3    3    3    1    2    2    3    3    1    3
  6.826765    0.652960    0.280322    0.157008    3.846941     1    2    2    3    2    1    3    0    1    1    2    3    2    0    0    2    3    0    1    2    1    3    1    1    3    1    0    2    2    0
  6.827319    0.660658    0.395764    0.022861    8.115467     1    0    3    1    1    2    2    3    2    2    3    2    1    0    2    2    3    2    2    0    1    2    1    1    2    1    2    1    0    0
  7.078101    0.690230    0.351195    0.000200   19.625067     2    3    2    2    3    0    2    3    0    0    3    1    1    2    2    0    2    2    2    1    1    0    2    2    1    0    0    2    0    3
  7.138310    0.678366    0.259485    0.224908    3.124258     0    3    0    0    2    3    1    2    0    1    1    1    1    3    3    2    2    2    3    0    1    1    1    0    1    0    0    2    1    1
  7.271244    0.708475    0.276164    0.048411    6.364199     2    2    0    1    3    1    1    1    2    2    2    2    1    0    0    3    1    3    2    0    2    1    3    0    2    0    1    2    0    2
  7.360544    0.712599    0.457522    0.005791   12.104125     2    1    2    3    1    0    0    2    0    1    2    1    2    3    2    2    2    0    1    3    3    1    2    3    1    3    0    1    1    1
  7.366225    0.720638    0.318711    0.000487   19.737778     2    1    0    2    1    3    3    0    0    1    0    2    2    2    1    0    0    1    0    3    2    0    3    1    2    3    0    3    0    2
  7.632296    0.723064    0.800366    0.001475   17.283683     3    1    1    2    2    1    1    0    3    3    2    0    2    1    3    0    1    2    3    3    0    1    2    1    0    1    2    2    1    0
  7.763050    0.755843    0.239024    0.085110    5.437835     2    3    1    0    2    1    0    3    3    3    3    0    0    2    1    2    0    0    0    1    1    1    2    2    3    0    3    1    2    1
  7.776455    0.766798    0.208954    0.004000   13.427067     1    1    0    0    3    1    2    0    3    0    3    2    2    3    2    2    3    1    0    2    0    2    0    0    0    1    0    2    0    1
  7.979276    0.784681    0.188778    0.038077    7.132429     2    0    3    3    2    0    1    3    0    3    0    2    3    0    0    0    0    1    2    1    2    2    2    3    0    2    1    3    2    3
  8.114143    0.797566    0.274080    0.001446   17.984275     3    3    0    1    0    3    2    0    2    3    0    1    3    2    2    0    1    0    2    1    0    0    3    0    1    1    0    3    2    0
  8.121021    0.801980    0.201642    0.000404   19.891596     2    3    1    2    0    0    0    3    2    0    2    2    3    1    3    1    0    2    0    0    1    0    2    3    2    0    0    3    3    1
  8.127060    0.797011    0.266766    0.023567    9.274894     3    3    3    3    0    0    0    3    0    2    3    0    3    2    0    2    3    2    1    2    1    1    0    3    1    1    2    1    3    1
  8.148500    0.796300    0.366935    0.002037   16.579547     1    2    0    0    3    2    1    3    2    0    3    0    3    0    0    0    2    1    0    2    1    0    1    1    3    1    2    3    1    2
  8.211662    0.801711    0.379284    0.004911   13.790870     1    0    2    0    0    2    0    3    1    1    2    3    2    0    0    1    1    1    3    0    1    0    1    1    2    0    1    2    2    1
  8.324466    0.820763    0.203868    0.014900   10.062418     0    2    1    0    3    0    1    3    3    3    3    2    2    0    0    0    0    2    0    2    2    1    3    0    3    2    1    3    3    1
  8.397742    0.826749    0.216918    0.021793   10.041065     3    3    0    0    1    1    0    3    0    3    0    3    1    2    0    2    1    1    0    0    3    2    1    2    1    0    3    0    3    2
  8.416157    0.828378    0.248489    0.008136   13.233671     1    0    1    3    1    0    2    0    3    1    0    0    1    3    0    1    2    2    3    3    0    1    3    0    2    3    0    1    3    0
  8.458501    0.833316    0.178092    0.036298    7.931261     0    0    2    0    0    0    0    2    0    1    2    0    3    1    1    3    1    3    2    0    3    3    3    3    2    3    3    1    1    0
  8.503876    0.843033    0.102167    0.022464    8.861703     0    3    2    0    0    2    1    0    3    0    3    3    3    0    0    0    3    2    0    2    0    0    2    0    1    0    2    0    3    0
  8.785424    0.857756    0.409154    0.003287   16.093827     3    3    2    3    0    0    0    2    1    1    1    1    3    3    1    3    0    0    0    3    2    0    1    1    0    2    3    1    2    1
  7.870955    0.762981    0.477982    0.002158   16.093827     3    2    2    3    0    1    0    0    1    1    2    1    2    0    1    2    3    0    1    3    1    0    1    1    0    2    3    1    2    0
  7.903703    0.765760    0.474967    0.008622   12.104125     3    3    2    3    1    0    0    2    0    1    2    1    3    3    2    3    2    0    1    3    3    1    2    1    1    3    0    1    2    1
  7.979276    0.784681    0.188778    0.038077    7.132429     2    0    3    3    2    0    1    3    0    3    0    2    3    0    0    0    0    1    2    1    2    2    2    3    0    2    1    3    2    3
  8.079520    0.786536    0.213715    0.107304    5.437835     2    3    1    0    0    1    0    3    0    3    2    0    3    1    1    3    0    3    0    0    1    3    3    3    3    0    3    1    2    1
  8.084167    0.797159    0.215912    0.004617   13.427067     3    1    0    0    1    1    2    0    3    3    3    3    2    2    2    2    3    1    0    0    3    2    0    0    0    1    0    0    3    2
  8.114143    0.797566    0.274080    0.001446   17.984275     3    3    0    1    0    3    2    0    2    3    0    1    3    2    2    0    1    0    2    1    0    0    3    0    1    1    0    3    2    0
  8.121021    0.801980    0.201642    0.000404   19.891596     2    3    1    2    0    0    0    3    2    0    2    2    3    1    3    1    0    2    0    0    1    0    2    3    2    0    0    3    3    1
  8.127060    0.797011    0.266766    0.023567    9.274894     3    3    3    3    0    0    0    3    0    2    3    0    3    2    0    2    3    2    1    2    1    1    0    3    1    1    2    1    3    1
  8.148500    0.796300    0.366935    0.002037   16.579547     1    2    0    0    3    2    1    3    2    0    3    0    3    0    0    0    2    1    0    2    1    0    1    1    3    1    2    3    1    2
  8.190668    0.797052    0.224967    0.107666    5.437835     2    3    1    0    1    0    0    3    3    1    0    0    1    3    1    1    0    0    0    1    0    1    2    2    3    0    3    1    3    1
  8.211662    0.801711    0.379284    0.004911   13.790870     1    0    2    0    0    2    0    3    1    1    2    3    2    0    0    1    1    1    3    0    1    0    1    1    2    0    1    2    2    1
  8.229951    0.809269    0.227337    0.023590    9.274894     3    3    3    3    0    1    0    3    0    2    0    0    1    2    0    2    1    2    1    0    1    1    0    2    1    1    3    0    3    2
  8.273328    0.812102    0.239105    0.032754    7.931261     1    0    2    0    0    0    0    2    1    1    2    3    2    0    1    3    1    3    2    0    1    0    3    3    2    3    3    1    2    1
  8.315364    0.813899    0.351018    0.000862   19.737778     1    2    0    2    1    2    3    3    0    1    3    0    3    0    0    0    0    1    0    3    1    0    1    1    2    1    2    3    1    2
  8.324466    0.820763    0.203868    0.014900   10.062418     0    2    1    0    3    0    1    3    3    3    3    2    2    0    0    0    0    2    0    2    2    1    3    0    3    2    1    3    3    1
  8.391770    0.823144    0.310195    0.005230   13.790870     1    0    2    0    3    2    1    3    2    1    3    0    3    0    0    1    2    1    0    0    1    0    1    1    2    0    1    3    2    1
  8.397742    0.826749    0.216918    0.021793   10.041065     3    3    0    0    1    1    0    3    0    3    0    3    1    2    0    2    1    1    0    0    3    2    1    2    1    0    3    0    3    2
  8.415119    0.826199    0.294662    0.005800   13.790870     1    0    1    3    0    2    2    3    1    1    0    3    1    3    0    1    1    2    3    0    0    0    1    0    2    0    0    2    2    1
  8.416157    0.828378    0.248489    0.008136   13.233671     1    0    1    3    1    0    2    0    3    1    0    0    1    3    0    1    2    2    3    3    0    1    3    0    2    3    0    1    3    0
  8.458501    0.833316    0.178092    0.036298    7.931261     0    0    2    0    0    0    0    2    0    1    2    0    3    1    1    3    1    3    2    0    3    3    3    3    2    3    3    1    1    0
  8.490708    0.838505    0.155723    0.027798    8.861703     1    3    2    0    1    0    1    0    3    1    0    0    3    3    0    0    3    2    0    2    0    0    2    0    1    0    2    1    3    0
  8.503876    0.843033    0.102167    0.022464    8.861703     0    3    2    0    0    2    1    0    3    0    3    3    3    0    0    0    3    2    0    2    0    0    2    0    1    0    2    0    3    0
  8.731929    0.854725    0.363919    0.002715   17.984275     1    3    0    0    3    3    1    3    2    0    0    1    3    0    0    0    1    1    2    1    0    0    1    1    3    1    0    3    2    2
  8.777723    0.865213    0.198559    0.026315    9.274894     2    3    0    3    0    0    0    2    0    1    3    1    3    3    0    2    0    1    1    0    3    2    0    0    1    1    1    1    0    1
  8.785424    0.857756    0.409154    0.003287   16.093827     3    3    2    3    0    0    0    2    1    1    1    1    3    3    1    3    0    0    0    3    2    0    1    1    0    2    3    1    2    1
  8.391770    0.823144    0.310195    0.005230   13.790870     1    0    2    0    3    2    1    3    2    1    3    0    3    0    0    1    2    1    0    0    1    0    1    1    2    0    1    3    2    1
  8.391770    0.823144    0.310195    0.005230   13.790870     1    0    2    0    3    2    1    3    2    1    3    0    3    0    0    1    2    1    0    0    1    0    1    1    2    0    1    3    2    1
  8.397742    0.826749    0.216918    0.021793   10.041065     3    3    0    0    1    1    0    3    0    3    0    3    1    2    0    2    1    1    0    0    3    2    1    2    1    0    3    0    3    2
  8.415119    0.826199    0.294662    0.005800   13.790870     1    0    1    3    0    2    2    3    1    1    0    3    1    3    0    1    1    2    3    0    0    0    1    0    2    0    0    2    2    1
  8.415119    0.826199    0.294662    0.005800   13.790870     1    0    1    3    0    2    2    3    1    1    0    3    1    3    0    1    1    2    3    0    0    0    1    0    2    0    0    2    2    1
  8.416157    0.828378    0.248489    0.008136   13.233671     1    0    1    3    1    0    2    0    3    1    0    0    1    3    0    1    2    2    3    3    0    1    3    0    2    3    0    1    3    0
  8.458501    0.833316    0.178092    0.036298    7.931261     0    0    2    0    0    0    0    2    0    1    2    0    3    1    1    3    1    3    2    0    3    3    3    3    2    3    3    1    1    0
  8.460614    0.826619    0.371035    0.008911   12.104125     1    0    2    0    0    0    0    3    1    1    2    3    3    0    2    1    1    0    1    3    1    1    2    1    2    0    1    2    2    1
  8.483034    0.837938    0.168792    0.019254    9.274894     1    3    2    0    0    2    0    3    2    1    0    0    3    0    0    2    2    1    1    0    1    0    0    1    1    0    3    3    2    2
  8.490708    0.838505    0.155723    0.027798    8.861703     1    3    2    0    1    0    1    0    3    1    0    0    3    3    0    0    3    2    0    2    0    0    2    0    1    0    2    1    3    0
  8.490708    0.838505    0.155723    0.027798    8.861703     1    3    2    0    1    0    1    0    3    1    0    0    3    3    0    0    3    2    0    2    0    0    2    0    1    0    2    1    3    0
  8.503876    0.843033    0.102167    0.022464    8.861703     0    3    2    0    0    2    1    0    3    0    3    3    3    0    0    0    3    2    0    2    0    0    2    0    1    0    2    0    3    0
  8.517538    0.829638    0.435472    0.003418   17.984275     1    3    0    3    1    0    1    3    0    0    0    1    3    3    0    0    1    0    2    3    0    1    1    1    1    3    0    2    2    1
  8.526228    0.835498    0.287094    0.027698    9.274894     1    3    3    0    3    2    1    3    0    0    3    0    1    0    0    2    2    1    1    0    1    1    0    1    3    1    2    3    1    2
  8.534615    0.833596    0.328418    0.034445    9.274894     3    3    2    3    0    0    0    3    0    1    3    1    3    3    2    3    3    0    1    3    1    1    0    1    1    3    2    1    3    1
  8.549959    0.847787    0.138779    0.002700   13.790870     2    0    1    2    0    2    2    3    2    0    0    3    1    3    0    1    1    2    0    0    0    0    2    0    2    0    0    3    2    1
  8.550528    0.838672    0.262140    0.032733    9.274894     1    3    2    3    0    0    0    3    1    1    3    3    3    0    0    2    1    1    1    0    1    0    0    0    2    1    1    1    0    1
  8.623001    0.846997    0.290546    0.007758   13.790870     1    0    0    0    0    2    3    3    0    1    3    3    2    0    0    0    1    1    3    3    1    0    1    1    2    0    1    3    2    1
  8.683036    0.856932    0.149369    0.039027    7.931261     0    0    2    0    0    0    3    3    0    1    2    0    3    0    0    0    0    1    2    0    1    3    1    1    2    1    3    1    1    0
  8.697738    0.858194    0.180741    0.025426    9.274894     2    0    1    3    0    0    2    3    0    1    0    1    1    3    0    2    1    1    1    0    0    2    0    0    1    0    0    1    0    1
  8.731929    0.854725    0.363919    0.002715   17.984275     1    3    0    0    3    3    1    3    2    0    0    1    3    0    0    0    1    1    2    1    0    0    1    1    3    1    0    3    2    2
  8.731929    0.854725    0.363919    0.002715   17.984275     1    3    0    0    3    3    1    3    2    0    0    1    3    0    0    0    1    1    2    1    0    0    1    1    3    1    0    3    2    2
  8.777723    0.865213    0.198559    0.026315    9.274894     2    3    0    3    0    0    0    2    0    1    3    1    3    3    0    2    0    1    1    0    3    2    0    0    1    1    1    1    0    1
  8.777723    0.865213    0.198559    0.026315    9.274894     2    3    0    3    0    0    0    2    0    1    3    1    3    3    0    2    0    1    1    0    3    2    0    0    1    1    1    1    0    1
  8.785424    0.857756    0.409154    0.003287   16.093827     3    3    2    3    0    0    0    2    1    1    1    1    3    3    1    3    0    0    0    3    2    0    1    1    0    2    3    1    2    1
